"","SNP_ID","cdv_marker_id","Chromosome","Position","alt_pos","mult_positions","amplicon","cdv_map_feature.name","gene","candidate.random","Genaissance_daa_id","Sequenom_daa_id","count_amplicons","count_cmf","count_gene","X1","X2","X3","X4","X5","X6","X7","X8","X9","X10","X11","X12","X13","X14","X15","X16","X17","X18","X19","X20","X21","X22","X23","X24","X25","X26","X27","X28","X29","X30","X31","X32","X33","X34","X35","X36","X37","X38","X39","X40","X41","X42","X43","X44","X45","X46","X47","X48","X49","X50","X51","X52","X53","X54","X55","X56","X57","X58","X59","X60","X61","X62","X63","X64","X65","X66","X67","X68","X69","X70","X71","X72","X73","X74","X75","X76","X77","X78","X79","X80","X81","X82","X83","X84","X85","X86","X87","X88","X89","X90","X91","X92","X93","X94","X95","X96","X97","X98","X99","X100","X101","X102","X103","X104","X105","X106","X107","X108","X109","X110","X111","X112","X113","X114","X115","X116","X117","X118","X119","X120","X121","X122","X123","X124","X125","X126","X127","X128","X129","X130","X131","X132","X133","X134","X135","X136","X137","X138","X139","X140","X141","X142","X143","X144","X145","X146","X147","X148","X149","X150","X151","X152","X153","X154","X155","X156","X157","X158","X159","X160","X161","X162","X163","X164","X165","X166","X167","X168","X169","X170","X171","X172","X173","X174","X175","X176","X177","X178","X179","X180","X181","X182","X183","X184","X185","X186","X187","X188","X189","X190","X191","X192","X193","X194","X195","X196","X197","X198","X199","X200","X201","X202","X203","X204","X205","X206","X207","X208","X209","X210","X211","X212","X213","X214","X215","X216","X217","X218","X219","X220","X221","X222","X223","X224","X225","X226","X227","X228","X229","X230","X231","X232","X233","X234","X235","X236","X237","X238","X239","X240","X241","X242","X243","X244","X245","X246","X247","X248","X249","X250","X251","X252","X253","X254","X255","X256","X257","X258","X259","X260","X261","X262","X263","X264","X265","X266","X267","X268","X269","X270","X271","X272","X273","X274","X275","X276","X277","X278","X279","X280","X281","X282","X283","X284","X285","X286","X287","X288","X289","X290","X291","X292","X293","X294","X295","X296","X297","X298","X299","X300","X301","X302","X303","X304","X305","X306","X307","X308","X309","X310","X311","X312","X313","X314","X315","X316","X317","X318","X319","X320","X321","X322","X323","X324","X325","X326","X327","X328","X329","X330","X331","X332","X333","X334","X335","X336","X337","X338","X339","X340","X341","X342","X343","X344","X345","X346","X347","X348","X349","X350","X351","X352","X353","X354","X355","X356","X357","X358","X359","X360","X361","X362","X363","X364","X365","X366","X367","X368","X369","X370","X371","X372","X373","X374","X375","X376","X377","X378","X379","X380","X381","X382","X383","X384","X385","X386","X387","X388","X389","X390","X391","X392","X393","X394","X395","X396","X397","X398","X399","X400","X401","X402","X403","X404","X405","X406","X407","X408","X409","X410","X411","X412","X413","X414","X415","X416","X417","X418","X419","X420","X421","X422","X423","X424","X425","X426","X427","X428","X429","X430","X431","X432","X433","X434","X435","X436","X437","X438","X439","X440","X441","X442","X443","X444","X445","X446","X447","X448","X449","X450","X451","X452","X453","X454","X455","X456","X457","X458","X459","X460","X461","X462","X463","X464","X465","X466","X467","X468","X469","X470","X471","X472","X473","X474","X475","X476","X477","X478","X479","X480","X481","X482","X483","X484","X485","X486","X487","X488","X489","X490","X491","X492","X493","X494","X495","X496","X497","X498","X499","X500","X501","X502","X503","X504","X505","X506","X507","X508","X509","X510","X511","X512","X513","X514","X515","X516","X517","X518","X519","X520","X521","X522","X523","X524","X525","X526","X527","X528","X529","X530","X531","X532","X533","X534","X535","X536","X537","X538","X539","X540","X541","X542","X543","X544","X545","X546","X547","X548","X549","X550","X551","X552","X553","X554","X555","X556","X557","X558","X559","X560","X561","X562","X563","X564","X565","X566","X567","X568","X569","X570","X571","X572","X573","X574","X575","X576","X577","X578","X579","X580","X581","X582","X583","X584","X585","X586","X587","X588","X589","X590","X591","X592","X593","X594","X595","X596","X597","X598","X599","X600","X601","X602","X603","X604","X605","X606","X607","X608","X609","X610","X611","X612","X613","X614","X615","X616","X617","X618","X619","X620","X621","X622","X623","X624","X625","X626","X627","X628","X629","X630","X631","X632","X633","X634","X635","X636","X637","X638","X639","X640","X641","X642","X643","X644","X645","X646","X647","X648","X649","X650","X651","X652","X653","X654","X655","X656","X657","X658","X659","X660","X661","X662","X663","X664","X665","X666","X667","X668","X669","X670","X671","X672","X673","X674","X675","X676","X677","X678","X679","X680","X681","X682","X683","X684","X685","X686","X687","X688","X689","X690","X691","X692","X693","X694","X695","X696","X697","X698","X699","X700","X701","X702","X703","X704","X705","X706","X707","X708","X709","X710","X711","X712","X713","X714","X715","X716","X717","X718","X719","X720","X721","X722","X723","X724","X725","X726","X727","X728","X729","X730","X731","X732","X733","X734","X735","X736","X737","X738","X739","X740","X741","X742","X743","X744","X745","X746","X747","X748","X749","X750","X751","X752","X753","X754","X755","X756","X757","X758","X759","X760","X761","X762","X763","X764","X765","X766","X767","X768","X769","X770","X771","X772","X773","X774","X775","X776","X777","X778","X779","X780","X781","X782","X783","X784","X785","X786","X787","X788","X789","X790","X791","X792","X793","X794","X795","X796","X797","X798","X799","X800","X801","X802","X803","X804","X805","X806","X807","X808","X809","X810","X811","X812","X813","X814","X815","X816","X817","X818","X819","X820","X821","X822","X823","X824","X825","X826","X827","X828","X829","X830","X831","X832","X833","X834","X835","X836","X837","X838","X839","X840","X841","X842","X843","X844","X845","X846","X847","X848","X849","X850","X851","X852","X853","X854","X855","X856","X857","X858","X859","X860","X861","X862","X863","X864","X865","X866","X867","X868","X869","X870","X871","X872","X873","X874","X875","X876","X877","X878","X879","X880","X881","X882","X883","X884","X885","X886","X887","X888","X889","X890","X891","X892","X893","X894","X895","X896","X897","X898","X899","X900","X901","X902","X903","X904","X905","X906","X907","X908","X909","X910","X911","X912","X913","X914","X915","X916","X917","X918","X919","X920","X921","X922","X923","X924","X925","X926","X927","X928","X929","X930","X931","X932","X933","X934","X935","X936","X937","X938","X939","X940","X941","X942","X943","X944","X945","X946","X947","X948","X949","X950","X951","X952","X953","X954","X955","X956","X957","X958","X959","X960","X961","X962","X963","X964","X965","X966","X967","X968","X969","X970","X971","X972","X973","X974","X975"
"66","PZB00140.1",6166,"7","2081333","","","PZB00140","AZM3_55868","AZM3_55868","candidate",10081,11492,1,1,1,"T/T","T/T","T/T","C/C","C/T","C/C","C/C","T/T","C/T","C/T","C/C","C/C","T/T","C/C","T/T","C/C","C/T","C/C","C/C","C/C","C/T","C/C","C/C","C/C","C/C","C/C","C/C","C/C","C/C","C/T","T/T","C/T","C/C","C/C","C/C","C/C","C/T","C/C","T/T","T/T","C/T","C/T","C/T","C/C","C/T","T/T","C/C","C/T","C/C","C/C","C/T","T/T","C/C","T/T","C/T","C/T","C/T","C/C","T/T","C/C","T/T","C/T","T/T","C/C","C/C","T/T","C/T","C/T","C/C","C/T","T/T","C/T","C/C","T/T","C/C","C/T","C/T","C/T","C/T","T/T","C/T","C/C","C/C","C/T","T/T","T/T","C/T","T/T","C/C","T/T","C/C","T/T","T/T","C/T","T/T","C/C","C/T","C/C","C/T","T/T","C/T","T/T","C/C","T/T","C/T","C/C","T/T","T/T","C/T","C/T","T/T","T/T","C/T","T/T","C/T","T/T","C/T","C/C","T/T","T/T","T/T","C/C","T/T","C/T","T/T","C/T","C/T","C/C","T/T","C/C","C/T","C/T","C/T","T/T","C/T","C/T","C/C","C/C","C/T","C/T","T/T","T/T","C/T","T/T","C/T","T/T","T/T","T/T","C/T","C/T","C/C","C/T","T/T","T/T","T/T","T/T","T/T","T/T","T/T","T/T","T/T","C/T","C/T","C/T","C/C","?/?","C/C","C/C","C/T","C/T","C/C","C/C","C/T","C/C","C/T","C/C","T/T","C/T","C/T","T/T","C/T","C/T","C/T","C/T","C/C","C/T","C/T","C/T","T/T","T/T","T/T","T/T","C/C","C/T","T/T","C/T","T/T","C/C","C/T","T/T","T/T","C/T","C/C","C/T","T/T","T/T","C/T","T/T","C/T","C/T","T/T","C/C","T/T","C/C","T/T","C/C","C/T","C/T","T/T","C/T","C/T","C/C","C/C","C/C","C/C","C/C","C/T","C/T","C/C","T/T","T/T","C/T","C/T","C/T","T/T","C/T","C/C","C/T","C/T","C/C","C/C","C/T","C/C","C/C","C/C","C/T","C/C","T/T","C/T","C/T","T/T","C/T","C/T","C/C","C/C","C/C","C/C","C/C","C/T","C/T","C/T","C/C","C/C","C/C","C/T","C/C","C/T","C/T","C/T","C/C","C/T","C/C","C/T","C/C","C/C","C/C","C/T","C/C","C/T","C/T","T/T","C/C","C/C","C/C","C/C","C/T","T/T","C/T","C/C","C/T","C/T","C/T","C/C","C/T","C/C","C/C","T/T","C/T","C/T","C/C","C/C","C/C","C/T","C/C","C/T","C/C","C/C","T/T","C/T","C/T","C/T","C/C","C/C","C/C","T/T","C/C","C/C","C/C","T/T","C/T","C/C","C/C","C/C","C/C","C/T","C/T","C/C","C/T","C/C","C/C","C/C","C/C","C/C","C/T","C/C","C/T","C/C","C/C","C/T","C/T","C/C","C/C","C/C","C/C","C/C","C/T","C/T","C/C","C/C","C/T","C/T","C/C","C/C","C/C","C/C","C/C","C/C","T/T","C/C","C/C","C/C","C/C","C/C","C/T","C/C","C/T","C/T","C/C","C/T","C/T","C/C","C/C","C/C","C/C","C/C","C/C","C/T","C/T","C/C","C/C","C/T","T/T","C/T","C/C","T/T","C/C","C/C","?/?","C/C","C/C","C/T","C/T","C/C","C/T","C/T","C/T","C/C","C/T","C/C","C/C","C/C","C/T","C/C","C/T","C/T","C/T","C/T","C/C","C/C","T/T","C/C","C/C","C/T","C/C","C/C","C/T","C/C","C/C","C/C","C/C","C/C","C/T","C/T","C/T","C/C","C/T","C/T","C/C","C/T","C/C","C/C","T/T","T/T","C/C","C/T","C/C","C/C","T/T","C/C","C/T","C/C","T/T","C/C","C/T","T/T","C/C","C/T","T/T","C/T","C/C","T/T","C/C","C/T","C/T","C/T","C/T","C/T","C/C","T/T","C/C","C/C","C/T","C/T","C/C","C/C","C/T","C/T","C/T","C/T","C/T","C/T","C/C","C/C","C/C","C/C","C/C","C/C","C/C","C/T","T/T","C/T","C/C","C/T","C/C","C/C","T/T","C/C","T/T","T/T","T/T","T/T","C/T","T/T","C/T","C/C","T/T","C/T","C/T","C/C","C/T","C/C","C/T","C/C","C/T","T/T","C/T","C/T","C/T","T/T","C/T","C/T","T/T","C/T","T/T","T/T","T/T","C/T","C/C","C/T","T/T","C/T","C/T","C/T","C/T","T/T","C/T","C/T","T/T","C/T","C/C","C/T","T/T","T/T","C/C","T/T","T/T","T/T","T/T","C/T","T/T","T/T","T/T","C/C","C/C","C/T","C/T","C/T","C/T","C/T","C/T","C/C","C/T","C/C","C/C","C/C","C/C","C/C","C/C","C/C","C/C","C/C","C/C","C/C","C/C","C/C","C/C","C/C","C/C","C/C","C/C","C/C","C/C","C/T","C/T","C/C","C/T","C/C","C/C","T/T","T/T","C/C","C/C","C/C","C/T","C/C","C/T","C/T","C/C","C/C","C/C","C/T","C/C","C/C","C/C","C/C","C/C","C/C","T/T","C/C","T/T","C/C","C/C","C/T","C/C","C/T","C/C","T/T","C/T","C/T","C/C","C/C","C/C","C/T","C/T","C/C","C/T","C/C","C/T","C/C","C/C","C/C","T/T","C/T","C/T","T/T","T/T","T/T","T/T","C/T","C/C","C/T","C/T","C/C","C/T","C/T","C/T","C/T","C/T","C/T","C/C","T/T","C/T","C/T","C/T","C/C","T/T","C/T","C/T","T/T","C/T","T/T","C/C","C/C","C/T","C/C","C/C","C/T","C/T","C/T","C/C","C/C","C/T","C/C","C/T","C/C","C/C","C/T","C/C","C/C","C/C","C/C","C/T","T/T","C/T","T/T","C/C","C/C","C/C","C/C","C/C","C/C","C/C","C/C","C/C","C/C","C/C","?/?","C/C","C/T","T/T","C/C","C/T","C/C","C/C","C/T","T/T","C/C","C/C","T/T","C/T","T/T","C/T","C/C","C/C","C/C","C/T","C/C","C/T","T/T","C/C","C/T","C/C","C/C","C/T","C/C","C/C","C/T","T/T","C/C","C/T","C/C","C/T","C/C","C/T","C/C","C/C","C/T","C/C","C/C","C/C","C/T","C/T","C/T","C/C","C/C","C/C","C/C","C/T","T/T","C/T","C/C","C/T","T/T","C/C","C/T","T/T","C/T","C/T","C/T","T/T","?/?","C/C","C/C","C/C","C/T","C/T","T/T","C/C","T/T","C/T","T/T","C/T","C/T","C/T","C/C","C/C","C/C","C/T","C/C","C/T","C/C","C/C","C/C","C/T","T/T","T/T","C/T","C/T","T/T","C/T","C/T","T/T","C/T","C/C","T/T","?/?","C/C","C/T","C/C","C/C","C/C","C/C","C/C","C/C","C/C","T/T","T/T","C/T","T/T","C/T","T/T","C/T","C/T","C/C","T/T","C/T","C/T","C/C","C/C","C/T","T/T","C/T","C/C","C/C","C/T","T/T","C/T","T/T","T/T","C/T","T/T","C/C","C/C","T/T","C/T","C/C","C/C","C/C","T/T","C/T","T/T","C/T","C/C","C/T","C/C","C/T","C/T","T/T","C/C","C/T","C/T","C/C","C/T","C/T","C/C","C/C","C/T","C/T","C/C","C/T","T/T","T/T","C/T","C/T","C/C","C/C","C/C","T/T","C/C","C/T","T/T","T/T","C/T","C/T","C/C","C/C","C/C","C/C","C/T","C/C","C/T","C/C","C/T","T/T","T/T","T/T","T/T","T/T","T/T","T/T","T/T","T/T","T/T","C/T","C/T","T/T","C/T","T/T","T/T","C/T","T/T","T/T","C/T","T/T","T/T","T/T","T/T","T/T","T/T","C/T","T/T","C/T","C/C","C/T","C/C","C/C","C/C","C/C","C/C","C/C","T/T","C/C","C/T","T/T","C/T","C/C","T/T","T/T","T/T","T/T","C/T","C/C","C/T","T/T","T/T","T/T","C/C","C/C","C/T","C/C","C/C","C/C","?/?","C/T","C/C","C/C","C/C","C/C","C/C","T/T","T/T","T/T","C/C","C/C","C/C","C/C","T/T","T/T","T/T","T/T","?/?","T/T","T/T","T/T","T/T","C/C","C/C","C/C","C/C","C/C","C/C","C/C","C/C","C/C","C/C","C/C","C/C","C/C","T/T","T/T","C/C","C/C","T/T","T/T","T/T"
"14","PZA00188.1",3719,"7","2998280","","","PZA00188","AY105750","AY105750","random",7727,10635,1,1,1,"A/T","T/T","T/T","T/T","T/T","T/T","A/T","A/A","A/A","A/A","T/T","A/T","A/A","A/A","A/T","A/T","T/T","A/T","T/T","T/T","T/T","A/T","T/T","T/T","T/T","T/T","T/T","T/T","A/A","A/T","T/T","A/T","T/T","T/T","A/T","T/T","T/T","T/T","T/T","A/A","T/T","A/T","A/T","A/T","A/T","A/A","A/T","T/T","A/A","A/T","T/T","A/A","A/T","T/T","A/T","A/A","A/T","T/T","A/T","A/T","A/T","A/T","A/T","T/T","A/A","A/T","T/T","T/T","A/T","A/T","A/T","A/T","T/T","T/T","A/T","T/T","A/T","A/T","A/T","A/T","T/T","T/T","A/T","A/A","A/T","A/A","A/T","A/T","?/?","T/T","A/A","A/A","T/T","A/T","?/?","A/T","A/T","A/T","A/T","A/T","T/T","A/T","A/A","T/T","A/T","A/T","A/T","T/T","T/T","A/T","T/T","T/T","T/T","T/T","A/T","T/T","?/?","A/A","T/T","A/A","A/A","A/T","A/A","A/T","T/T","A/T","A/T","A/T","?/?","A/T","A/T","T/T","T/T","A/A","T/T","A/T","T/T","T/T","A/A","T/T","A/A","T/T","T/T","A/A","A/A","A/T","A/T","A/A","A/A","A/T","A/A","A/T","A/A","A/A","A/A","A/A","A/A","A/A","A/A","A/T","A/A","A/T","T/T","T/T","T/T","A/T","T/T","A/T","A/T","T/T","T/T","A/T","T/T","T/T","T/T","A/A","T/T","A/T","A/T","T/T","T/T","T/T","T/T","T/T","T/T","T/T","T/T","T/T","A/T","T/T","A/A","A/T","A/T","T/T","A/A","A/T","T/T","A/T","A/T","T/T","T/T","A/A","T/T","A/A","A/T","A/A","A/T","A/A","A/T","A/T","A/T","A/T","A/T","A/T","A/T","A/A","A/T","T/T","A/T","A/T","T/T","T/T","T/T","A/T","A/T","A/A","A/A","T/T","T/T","T/T","T/T","A/A","A/T","A/T","T/T","T/T","?/?","A/T","T/T","T/T","A/T","A/T","A/A","T/T","T/T","A/A","A/A","A/T","A/T","A/T","A/T","A/T","A/T","A/T","A/T","T/T","T/T","A/A","A/T","A/T","A/T","A/T","T/T","T/T","A/T","A/A","T/T","A/T","T/T","A/T","T/T","A/T","T/T","A/T","T/T","T/T","A/T","A/A","?/?","A/T","A/T","T/T","T/T","T/T","T/T","T/T","A/A","A/A","T/T","A/T","T/T","A/T","A/T","A/T","T/T","T/T","T/T","T/T","T/T","T/T","T/T","T/T","A/A","T/T","A/T","T/T","A/T","A/T","T/T","T/T","A/A","A/T","T/T","A/A","T/T","A/T","T/T","A/T","A/A","A/T","T/T","A/T","T/T","A/T","T/T","T/T","T/T","T/T","T/T","T/T","A/T","A/A","A/A","A/T","T/T","T/T","A/A","A/T","A/T","T/T","A/A","A/A","A/A","A/A","?/?","T/T","A/T","A/T","A/T","A/T","T/T","T/T","A/A","A/A","A/T","A/A","A/A","T/T","A/T","A/A","T/T","?/?","A/T","T/T","T/T","A/T","T/T","A/A","T/T","A/T","?/?","A/A","A/T","T/T","A/T","T/T","A/T","T/T","A/A","A/T","T/T","A/T","A/A","A/A","T/T","A/A","A/T","A/T","T/T","A/A","T/T","A/T","A/A","T/T","A/T","A/T","T/T","A/A","A/T","A/T","A/T","T/T","A/T","T/T","A/T","A/A","A/A","A/A","T/T","T/T","A/A","A/A","A/T","A/T","T/T","A/T","A/T","A/T","A/T","A/T","T/T","A/T","A/A","T/T","A/T","T/T","A/T","A/T","A/T","A/A","A/T","A/T","T/T","T/T","T/T","T/T","T/T","T/T","A/T","A/A","A/T","T/T","T/T","T/T","T/T","A/T","A/A","A/T","T/T","T/T","T/T","A/A","A/A","T/T","T/T","T/T","T/T","T/T","T/T","T/T","T/T","T/T","A/T","A/T","A/A","T/T","A/A","A/T","T/T","A/A","A/T","A/A","A/T","T/T","A/A","A/A","A/A","A/T","A/T","A/A","A/T","A/T","A/T","T/T","T/T","A/A","A/T","A/T","T/T","A/T","T/T","A/T","A/A","A/T","A/A","A/A","A/T","?/?","T/T","A/A","A/A","A/T","A/T","A/T","A/T","A/A","A/A","T/T","A/A","A/T","T/T","T/T","T/T","T/T","T/T","T/T","A/T","A/T","A/T","T/T","A/T","A/T","T/T","A/T","T/T","T/T","A/T","T/T","T/T","T/T","T/T","A/T","A/T","T/T","T/T","A/T","A/A","?/?","T/T","A/T","T/T","T/T","T/T","T/T","A/T","T/T","T/T","T/T","A/A","A/T","A/A","A/T","A/A","A/A","A/A","A/A","A/A","A/T","A/A","A/A","A/T","T/T","A/T","A/T","T/T","A/T","T/T","A/T","A/A","A/T","T/T","A/T","T/T","A/T","A/T","A/T","A/T","T/T","T/T","T/T","T/T","T/T","A/A","A/A","A/A","A/A","A/A","A/A","A/A","A/A","?/?","A/T","A/A","A/A","T/T","A/A","A/A","A/T","A/T","A/A","A/T","A/A","A/A","A/T","A/T","A/A","A/T","A/A","A/T","A/T","T/T","A/T","A/T","T/T","A/T","A/T","A/T","T/T","A/T","A/A","A/T","A/T","T/T","A/A","A/T","T/T","A/T","A/T","?/?","A/A","A/T","A/T","A/T","A/T","T/T","A/A","A/A","A/T","T/T","A/T","A/T","A/A","A/T","A/A","T/T","A/A","A/A","A/T","T/T","T/T","T/T","?/?","?/?","T/T","A/T","A/T","T/T","A/A","A/A","A/T","A/T","A/T","T/T","A/T","A/A","A/T","T/T","T/T","A/A","A/A","A/A","A/T","T/T","A/T","A/A","T/T","A/T","A/T","A/T","A/T","A/T","?/?","T/T","A/T","T/T","A/T","A/T","A/A","A/A","T/T","A/T","A/T","A/T","A/A","A/A","T/T","?/?","T/T","A/A","A/A","A/T","A/A","T/T","A/T","A/A","T/T","A/A","A/A","A/A","A/T","T/T","A/T","A/A","A/A","A/A","A/A","A/A","T/T","A/A","A/A","A/T","A/T","A/T","T/T","A/A","A/T","A/A","A/T","A/A","A/A","A/T","A/T","A/T","A/T","A/A","A/T","A/A","A/T","A/A","A/T","T/T","T/T","A/T","T/T","T/T","T/T","T/T","A/T","A/T","T/T","T/T","A/A","A/A","T/T","A/A","A/T","T/T","A/T","A/T","T/T","A/A","A/T","A/A","A/A","T/T","A/T","A/T","T/T","A/T","A/A","A/A","A/T","A/T","A/A","T/T","A/A","A/T","T/T","A/A","A/A","A/A","A/A","A/T","T/T","A/A","T/T","A/T","T/T","A/T","?/?","T/T","A/T","A/T","A/T","T/T","T/T","A/T","A/A","A/A","T/T","A/T","A/A","A/A","T/T","A/A","A/T","A/A","A/A","A/A","A/A","A/T","A/A","A/A","A/T","A/T","A/T","A/A","T/T","T/T","T/T","A/A","A/A","A/T","A/T","A/A","A/T","T/T","T/T","A/T","A/T","A/T","T/T","A/T","T/T","A/T","T/T","A/T","A/T","T/T","T/T","A/T","T/T","A/T","A/A","T/T","A/T","T/T","T/T","T/T","A/A","T/T","A/T","A/A","T/T","A/T","A/T","T/T","T/T","A/T","A/T","T/T","A/A","T/T","A/T","A/T","A/A","A/A","A/T","T/T","A/A","A/T","A/T","T/T","A/T","A/T","A/T","A/A","A/A","A/T","A/T","A/A","A/T","A/A","A/A","T/T","A/A","A/T","A/A","A/A","A/T","A/A","A/T","A/A","A/A","A/A","A/T","A/A","A/A","A/T","A/T","A/A","A/A","T/T","A/T","A/T","T/T","T/T","A/T","A/A","A/T","A/A","A/T","T/T","T/T","T/T","T/T","T/T","T/T","T/T","T/T","T/T","T/T","A/T","A/T","T/T","T/T","T/T","T/T","T/T","T/T","T/T","T/T","T/T","T/T","A/A","A/A","A/A","A/A","A/A","T/T","T/T","T/T","A/A","A/A","T/T","?/?","A/A","A/A","A/A","T/T","T/T","T/T","T/T","T/T","T/T","T/T","T/T","T/T","T/T","T/T","T/T","T/T","T/T","T/T","T/T","T/T","T/T","T/T","T/T","T/T","T/T","T/T","T/T","T/T","T/T"
"15","PZA00188.3",6008,"7","2998619","","","PZA00188","AY105750","AY105750","random",7728,10636,0,0,0,"A/A","A/G","G/G","G/G","G/G","A/A","A/A","A/G","A/A","A/A","G/G","A/G","A/A","A/G","A/A","A/G","A/G","A/A","A/G","G/G","A/A","A/G","A/G","A/G","A/G","A/A","A/G","A/A","A/A","G/G","G/G","A/A","A/G","A/A","A/G","A/G","G/G","G/G","A/G","A/G","A/G","?/?","A/G","A/G","A/A","A/A","A/A","A/A","A/A","A/A","A/G","A/A","A/A","G/G","A/G","A/A","A/G","A/G","A/A","A/A","A/A","A/A","A/A","A/A","A/A","A/A","A/G","A/A","A/A","A/A","A/A","A/G","A/G","A/G","A/A","A/G","A/A","A/G","A/A","A/G","G/G","G/G","A/A","A/A","A/A","A/A","A/A","A/A","A/G","G/G","?/?","A/G","A/G","A/G","A/G","A/A","A/A","A/A","A/G","A/G","A/G","A/G","G/G","A/G","A/G","A/G","A/G","A/G","G/G","A/G","G/G","G/G","G/G","G/G","A/G","A/G","A/G","A/A","G/G","A/A","G/G","A/G","A/A","A/G","A/G","A/G","A/G","A/G","A/G","A/G","A/G","G/G","G/G","A/A","A/G","A/G","G/G","G/G","A/G","G/G","A/A","G/G","G/G","A/A","A/A","A/G","A/G","A/A","A/A","A/G","A/A","A/G","A/A","A/G","A/A","A/A","A/A","A/G","A/G","G/G","A/A","A/G","A/G","A/G","A/G","A/A","A/A","A/G","A/A","A/A","G/G","A/A","A/A","G/G","A/A","G/G","G/G","A/A","A/A","A/A","A/A","A/A","A/A","G/G","G/G","A/G","G/G","A/A","A/A","A/G","A/G","A/A","A/G","A/G","?/?","A/A","A/G","A/A","A/A","A/A","A/G","A/A","G/G","A/A","A/A","A/A","A/A","A/A","A/G","A/G","A/A","A/A","A/A","A/A","A/A","A/A","A/A","A/G","A/A","A/A","G/G","G/G","G/G","A/G","A/A","A/A","A/A","A/G","A/A","A/G","G/G","A/G","A/G","A/G","A/A","A/G","A/G","A/A","A/A","A/A","A/A","A/G","G/G","A/A","A/A","A/A","A/A","A/G","A/G","A/A","A/G","A/A","A/A","A/G","A/A","A/A","A/G","A/A","A/A","A/A","A/G","A/G","A/A","A/G","A/A","A/A","A/G","A/A","A/G","A/A","?/?","A/A","G/G","A/G","A/G","?/?","?/?","A/A","?/?","A/A","A/A","G/G","A/G","G/G","A/G","G/G","A/A","A/A","G/G","A/G","A/A","A/A","A/G","A/G","G/G","G/G","G/G","A/G","A/G","G/G","A/G","A/G","A/G","A/A","A/A","A/G","A/G","A/G","G/G","A/G","A/A","A/G","A/A","A/A","A/G","A/A","A/G","G/G","A/A","A/A","G/G","A/G","G/G","A/A","A/A","A/G","G/G","G/G","A/G","A/G","A/G","A/G","A/A","A/A","A/G","A/A","A/A","G/G","A/A","A/G","A/A","A/A","A/A","A/A","A/A","A/A","A/G","A/A","A/A","A/A","A/G","A/G","A/G","A/A","A/A","A/A","A/G","A/G","A/G","G/G","G/G","?/?","A/G","A/G","G/G","G/G","A/G","A/G","G/G","G/G","G/G","A/A","A/A","G/G","A/G","A/G","A/G","A/G","G/G","A/G","G/G","A/G","A/A","A/A","A/G","A/G","A/G","A/G","G/G","A/G","G/G","A/A","A/A","A/G","A/A","A/G","G/G","A/G","G/G","G/G","A/A","A/G","A/G","G/G","G/G","A/A","A/G","G/G","A/G","G/G","A/A","A/G","A/G","A/A","A/G","?/?","A/A","A/G","A/A","A/A","A/A","G/G","A/G","G/G","A/G","A/G","A/G","A/G","A/G","A/A","A/A","?/?","A/G","G/G","A/A","A/G","A/G","A/A","A/G","A/A","G/G","A/G","A/A","A/G","A/G","A/A","A/A","A/A","G/G","A/A","A/A","A/G","A/G","A/G","G/G","G/G","A/G","A/G","A/A","A/G","A/G","?/?","A/G","A/G","A/G","A/A","?/?","A/G","A/A","A/A","A/A","A/G","A/A","G/G","A/A","A/G","A/A","G/G","A/A","A/A","A/A","G/G","A/G","A/A","A/G","A/A","G/G","A/G","A/A","A/A","G/G","A/G","A/A","A/G","G/G","A/G","A/G","A/G","A/A","A/G","A/G","A/G","A/G","A/A","A/A","A/G","A/G","A/A","G/G","A/A","?/?","A/A","A/A","A/G","G/G","A/A","A/A","A/A","A/G","A/A","A/G","A/G","A/A","A/G","A/A","A/G","G/G","A/A","?/?","G/G","?/?","A/A","G/G","A/G","A/A","A/G","A/G","A/G","A/A","A/A","A/G","A/G","A/G","A/A","A/G","A/G","A/G","A/G","A/G","G/G","A/A","A/G","G/G","A/G","A/A","A/G","G/G","A/G","G/G","G/G","A/A","G/G","A/G","?/?","G/G","A/G","A/G","A/G","A/A","A/G","A/G","A/A","G/G","G/G","A/G","A/A","G/G","G/G","G/G","G/G","G/G","A/G","A/A","A/A","A/G","A/G","A/A","A/G","A/A","A/A","A/G","A/G","G/G","A/A","G/G","?/?","A/G","A/A","A/G","G/G","A/G","A/A","?/?","A/G","G/G","A/A","A/G","A/G","A/A","A/G","G/G","A/G","A/G","A/G","G/G","A/G","G/G","G/G","A/G","A/A","G/G","A/G","A/G","A/A","A/G","G/G","A/A","A/G","?/?","A/A","A/G","A/G","A/A","G/G","A/G","?/?","A/A","A/A","A/G","A/G","A/A","A/A","A/A","A/G","A/A","A/A","A/A","A/A","A/G","?/?","A/G","A/A","A/A","A/G","A/G","A/G","A/G","A/A","A/A","A/G","A/A","A/G","A/G","A/G","A/G","A/A","G/G","A/G","A/A","A/A","A/A","A/G","A/G","A/G","A/A","A/G","A/G","A/A","A/A","G/G","A/A","A/G","A/A","A/G","A/A","A/G","A/G","G/G","G/G","G/G","A/G","A/G","A/G","A/G","A/G","A/G","A/G","A/A","A/A","A/A","A/G","A/A","A/G","A/A","G/G","G/G","A/A","A/A","A/A","A/G","A/A","A/A","A/A","A/A","G/G","A/G","A/A","A/G","A/A","A/G","A/G","G/G","A/G","A/A","A/G","A/G","A/G","A/G","G/G","A/G","A/A","G/G","?/?","A/G","A/A","A/G","A/G","A/A","A/G","?/?","G/G","A/G","A/G","A/G","A/G","G/G","A/A","G/G","A/A","A/G","?/?","A/G","G/G","A/G","A/G","G/G","A/G","A/G","A/G","G/G","G/G","A/A","A/A","A/A","G/G","G/G","A/G","A/G","G/G","A/A","A/A","A/G","A/A","A/A","A/G","A/A","A/A","A/G","A/A","A/G","A/A","A/A","A/A","A/A","A/A","A/A","A/G","A/A","A/A","A/A","A/G","A/G","A/A","A/A","A/G","G/G","A/G","A/G","A/G","A/G","A/G","A/G","A/G","A/A","G/G","A/A","A/A","A/A","A/G","A/A","G/G","A/G","A/A","A/G","G/G","A/G","A/G","A/A","A/G","A/G","G/G","A/A","A/A","A/A","A/G","A/A","A/G","A/G","A/A","A/G","A/A","G/G","A/A","A/A","A/A","A/G","A/A","A/A","A/A","A/G","A/G","A/A","G/G","A/A","A/G","A/G","A/A","A/G","A/A","A/A","A/A","A/A","A/A","A/G","A/A","A/A","A/A","?/?","A/G","A/A","A/G","?/?","A/G","A/G","A/A","A/A","A/A","A/A","G/G","G/G","A/G","A/G","A/G","A/A","A/A","A/A","A/A","A/A","A/A","A/A","A/A","A/A","A/A","A/G","A/A","A/A","A/G","A/A","A/A","A/G","A/G","A/A","A/A","A/A","A/A","A/G","A/A","A/A","A/A","A/A","A/A","A/A","A/G","A/A","A/G","G/G","G/G","A/G","A/A","A/G","A/A","A/G","G/G","G/G","G/G","G/G","A/G","G/G","G/G","G/G","G/G","G/G","A/G","A/G","G/G","G/G","G/G","A/A","A/G","A/G","A/A","A/G","G/G","G/G","A/A","A/A","A/A","A/A","A/A","G/G","G/G","G/G","A/A","A/A","G/G","G/G","A/A","A/A","A/A","A/A","A/A","G/G","G/G","G/G","G/G","G/G","G/G","G/G","A/A","G/G","G/G","G/G","G/G","G/G","G/G","G/G","G/G","G/G","A/A","A/A","G/G","G/G","A/A","A/A","A/A"
"52","PZA02983.38",4318,"7","4244157","Approximate: 5 prime BLAST start of amplicon plus 50 bases","","PZA02983","AY104384","AY104384","random",8046,11242,1,1,1,"G/G","G/G","G/G","A/G","A/G","A/A","A/A","G/G","A/G","A/A","A/A","G/G","A/G","A/G","A/A","A/A","A/G","A/A","A/G","G/G","A/G","A/G","G/G","G/G","A/G","A/A","A/A","A/G","A/A","A/A","A/A","A/A","A/A","A/A","A/A","?/?","A/A","A/G","A/G","A/G","A/G","A/A","A/A","A/G","A/G","A/G","A/A","A/A","A/A","A/A","A/G","A/G","A/A","A/G","A/A","A/A","A/A","A/A","A/A","A/A","A/A","A/A","A/A","A/G","A/A","?/?","A/G","A/G","A/A","A/G","A/A","A/G","A/A","A/A","A/G","A/G","A/G","A/A","A/A","A/A","A/A","A/A","A/A","A/A","A/G","A/A","A/G","A/G","G/G","A/A","G/G","A/A","G/G","G/G","A/G","G/G","A/G","G/G","G/G","A/G","G/G","A/G","A/A","G/G","A/G","A/G","A/G","A/G","A/G","G/G","G/G","G/G","G/G","A/G","G/G","A/G","A/G","G/G","A/G","A/A","A/G","A/G","A/A","A/G","?/?","A/A","A/G","A/G","A/A","A/G","A/G","A/A","A/G","A/G","A/A","G/G","G/G","A/G","G/G","G/G","A/A","A/G","A/A","A/A","A/G","G/G","G/G","A/A","A/G","A/G","A/A","A/G","G/G","G/G","A/A","A/A","A/G","G/G","G/G","A/G","A/A","A/A","A/G","A/A","A/G","A/G","G/G","A/G","A/G","A/G","G/G","A/G","A/G","A/A","G/G","A/A","G/G","G/G","A/G","A/G","A/G","A/A","A/G","A/G","A/A","G/G","A/G","G/G","A/G","A/A","A/A","?/?","A/A","?/?","A/A","A/A","A/A","A/A","A/A","?/?","A/A","A/A","A/A","?/?","A/A","A/A","A/G","A/A","A/A","A/G","A/A","A/A","A/A","A/A","?/?","A/A","A/G","A/G","A/G","A/A","A/A","A/G","G/G","A/G","A/G","A/G","A/A","A/G","A/G","A/G","A/A","A/G","A/A","A/G","A/G","A/G","A/A","A/G","A/A","G/G","?/?","A/G","A/A","A/G","A/A","A/A","A/A","A/G","A/A","G/G","A/A","?/?","A/A","A/G","G/G","A/A","A/A","?/?","A/G","A/A","G/G","A/G","A/A","G/G","?/?","?/?","A/G","A/A","A/A","A/A","A/G","A/A","A/G","A/A","G/G","A/G","A/A","A/G","A/A","A/G","A/A","G/G","A/A","G/G","A/G","A/G","A/A","A/A","A/G","A/G","G/G","G/G","A/G","A/G","G/G","A/A","A/G","A/G","A/A","G/G","A/A","A/G","A/G","A/A","A/G","G/G","A/G","A/G","A/A","A/A","A/A","A/G","A/A","A/A","A/A","A/G","A/A","G/G","G/G","A/A","A/G","A/G","A/A","A/A","A/G","?/?","G/G","?/?","A/G","A/A","A/A","A/G","A/G","A/G","A/G","A/A","G/G","A/G","A/A","A/A","G/G","G/G","A/G","G/G","A/G","A/G","A/G","G/G","G/G","A/G","A/G","A/G","A/G","A/G","A/G","A/G","A/G","A/A","A/G","A/A","A/G","A/A","A/G","?/?","G/G","A/G","A/A","A/A","A/A","A/A","?/?","A/A","A/G","G/G","A/G","A/A","A/A","A/A","?/?","A/A","A/G","A/A","A/A","A/A","A/G","A/G","A/A","A/G","A/G","A/A","A/G","G/G","A/G","A/G","A/A","A/A","A/G","A/G","A/G","G/G","?/?","A/A","A/G","A/A","A/A","A/G","A/A","A/A","A/A","A/A","A/A","A/A","A/G","?/?","A/A","A/G","A/G","A/A","A/G","A/A","A/A","A/A","A/G","G/G","?/?","A/G","A/G","A/A","A/G","A/G","A/A","A/G","A/A","A/G","A/G","A/A","A/G","A/G","A/G","?/?","A/G","A/G","A/G","?/?","A/A","A/G","A/A","A/G","A/A","A/G","G/G","A/G","G/G","A/A","A/G","A/G","A/A","A/A","G/G","A/G","A/G","A/A","A/G","G/G","A/G","G/G","A/G","A/G","A/A","A/G","A/G","A/G","G/G","G/G","A/G","A/G","A/G","A/G","A/G","A/A","A/A","A/G","A/G","A/A","A/A","A/G","G/G","A/G","G/G","G/G","A/G","A/G","A/G","A/A","A/A","A/G","G/G","A/A","A/G","A/G","A/G","A/A","A/A","A/A","A/A","A/G","A/G","A/G","A/G","A/G","A/G","A/G","A/A","A/A","A/A","A/G","A/A","A/G","G/G","A/A","A/G","A/G","A/G","A/G","A/G","A/G","A/G","A/G","?/?","A/A","A/G","A/A","A/A","A/A","?/?","A/A","A/A","G/G","A/G","A/G","A/G","G/G","A/A","A/G","A/G","A/A","A/G","A/G","A/G","A/A","A/A","A/A","A/A","A/A","?/?","A/A","A/A","A/G","A/G","A/A","A/G","A/G","A/G","A/A","A/A","A/G","A/A","A/G","A/A","A/G","A/G","A/A","A/G","A/G","G/G","A/G","G/G","A/A","A/G","A/G","A/A","A/A","A/G","A/A","A/A","G/G","A/G","A/A","A/A","A/A","G/G","G/G","A/G","A/A","A/A","A/A","A/A","A/G","A/A","?/?","A/A","A/A","A/A","A/A","A/A","A/A","A/G","A/G","A/A","?/?","A/G","A/A","?/?","?/?","A/A","A/A","A/A","A/G","A/G","A/A","A/G","A/A","A/G","A/A","A/A","G/G","A/G","A/A","G/G","A/A","A/G","A/A","A/A","A/G","?/?","A/G","A/A","A/A","A/G","A/A","A/A","G/G","A/A","A/G","A/A","A/G","A/G","A/A","A/A","A/A","A/A","A/G","A/G","A/G","?/?","A/A","A/G","A/G","A/A","A/A","A/A","A/A","A/G","A/G","A/G","A/G","A/A","A/G","A/G","A/G","A/A","A/A","A/A","A/A","G/G","A/A","A/A","A/G","?/?","A/A","A/G","A/A","A/G","?/?","A/A","A/G","A/G","?/?","A/G","A/A","A/G","G/G","A/G","G/G","?/?","A/A","?/?","A/G","A/A","A/G","A/G","?/?","?/?","A/G","A/A","A/G","A/A","A/G","A/A","A/A","A/G","A/G","A/G","?/?","A/A","A/G","A/G","A/A","A/G","A/G","A/A","A/A","?/?","A/A","A/G","G/G","A/A","A/G","A/A","A/A","?/?","A/A","A/A","A/G","A/G","A/G","A/A","A/A","A/G","A/A","A/A","A/G","A/G","A/A","?/?","G/G","A/A","A/G","?/?","A/A","A/A","A/A","A/A","A/G","A/A","?/?","A/A","A/A","A/G","G/G","A/G","?/?","A/G","A/G","A/A","A/A","A/A","A/G","A/A","A/A","A/G","A/A","A/G","A/A","A/A","A/G","G/G","A/A","?/?","A/G","A/A","A/A","G/G","G/G","A/A","A/A","A/A","A/A","A/A","A/A","A/A","A/A","A/G","A/G","A/G","A/A","A/G","A/A","A/A","A/A","?/?","A/A","A/G","G/G","A/A","A/A","A/A","A/A","A/G","A/A","A/A","A/A","A/A","A/G","A/A","A/A","A/A","A/A","A/A","G/G","A/A","A/A","A/G","A/G","A/A","G/G","A/A","A/G","A/A","A/A","?/?","A/A","A/G","A/A","A/G","A/G","A/G","A/A","A/G","A/A","A/A","A/G","A/G","A/A","A/G","A/G","A/A","A/G","A/A","A/G","A/A","A/A","A/A","A/A","A/A","A/A","A/A","?/?","A/A","A/G","A/A","A/A","A/A","A/G","A/A","G/G","A/G","A/G","A/A","A/A","A/G","A/A","A/A","?/?","A/A","A/A","?/?","A/A","?/?","?/?","?/?","A/A","?/?","A/A","A/A","A/A","A/A","A/A","A/A","A/A","A/A","A/A","A/A","A/A","?/?","A/A","A/A","A/A","A/G","A/A","A/A","G/G","A/G","A/G","A/G","G/G","A/A","A/G","A/A","A/A","A/G","A/A","A/A","A/A","A/A","A/A","A/A","A/A","A/A","A/G","A/G","A/G","G/G","A/A","A/A","A/A","A/G","A/A","A/A","G/G","A/A","A/A","A/A","A/A","A/A","A/A","A/A","A/A","A/A","A/A","A/A","A/A","A/A","A/A","G/G","G/G","A/A","A/A","A/A","G/G","G/G","G/G","G/G","G/G","G/G","A/A","A/A","A/A","?/?","A/A","A/A","A/A","G/G","G/G","G/G","G/G","G/G","G/G","A/A","A/A","G/G","G/G","A/A","A/A","A/A"
"49","PZA02872.3",11633,"7","13058709","","","PZA02872","AY104876","AY104876","random",10027,11192,0,0,0,"A/A","A/G","A/A","G/G","A/G","A/G","A/G","A/G","A/G","A/A","G/G","A/G","A/G","G/G","A/G","G/G","A/A","G/G","A/A","A/G","G/G","A/G","G/G","G/G","A/G","G/G","G/G","G/G","G/G","G/G","G/G","G/G","A/G","G/G","G/G","G/G","G/G","G/G","A/A","A/A","A/G","A/G","A/A","G/G","A/A","A/A","A/A","A/G","A/A","A/A","A/A","A/A","A/A","A/A","A/G","A/A","A/A","A/G","A/A","A/G","G/G","A/G","A/A","A/A","A/G","G/G","G/G","A/G","G/G","A/A","A/A","A/G","A/G","G/G","G/G","A/A","A/G","G/G","G/G","G/G","G/G","A/G","A/G","A/G","A/A","G/G","A/G","G/G","G/G","A/G","G/G","A/G","G/G","A/G","G/G","G/G","A/G","G/G","A/G","A/A","A/G","A/G","A/A","A/A","A/G","A/G","G/G","A/A","A/G","A/A","A/A","A/G","A/G","G/G","A/A","G/G","G/G","G/G","G/G","G/G","G/G","G/G","G/G","G/G","G/G","G/G","G/G","G/G","G/G","A/G","G/G","G/G","G/G","G/G","A/G","G/G","G/G","G/G","G/G","G/G","G/G","G/G","G/G","G/G","G/G","G/G","G/G","G/G","G/G","G/G","G/G","G/G","A/G","A/G","G/G","A/A","G/G","G/G","G/G","G/G","G/G","A/G","A/G","A/G","A/G","A/G","A/G","A/A","G/G","A/G","A/A","A/A","G/G","G/G","A/G","G/G","A/A","G/G","A/G","A/G","G/G","A/G","G/G","A/A","A/A","A/G","A/A","A/G","A/A","A/A","A/G","A/G","A/G","A/A","G/G","A/G","A/G","G/G","G/G","A/G","A/A","A/A","A/A","A/A","G/G","A/A","A/A","A/G","A/G","A/A","A/A","G/G","A/G","A/A","G/G","G/G","A/A","A/G","A/G","A/G","A/G","A/G","A/G","G/G","A/G","A/G","A/G","A/A","A/G","A/G","G/G","A/G","A/G","A/G","A/A","G/G","?/?","A/G","A/G","?/?","G/G","G/G","G/G","G/G","A/G","A/A","A/A","A/G","G/G","A/G","G/G","A/G","A/A","A/A","G/G","G/G","A/A","A/A","G/G","A/G","A/A","A/A","A/G","A/A","A/G","G/G","A/A","G/G","G/G","A/G","A/G","A/A","A/G","G/G","A/A","A/A","A/A","A/A","A/G","A/A","A/A","A/G","A/A","A/G","A/A","A/A","A/G","A/G","A/A","A/A","A/A","A/A","A/A","G/G","A/A","A/G","A/G","A/A","A/G","G/G","A/A","A/G","G/G","A/A","A/G","A/A","A/G","G/G","G/G","G/G","G/G","A/A","A/A","G/G","A/A","A/A","G/G","A/A","A/A","A/A","A/G","A/G","A/G","A/A","A/A","A/G","G/G","A/G","A/G","A/G","A/A","A/A","A/A","A/G","A/G","A/G","A/A","A/G","A/G","A/G","A/G","A/A","A/G","A/A","A/A","A/A","G/G","A/G","A/A","A/G","A/A","A/G","A/G","A/A","A/A","A/A","A/G","A/G","A/G","G/G","A/G","A/A","A/G","G/G","A/G","A/A","A/A","A/A","A/G","A/A","A/A","A/G","G/G","A/A","A/G","G/G","A/G","A/G","G/G","A/G","A/A","A/G","A/G","A/A","G/G","A/G","A/G","A/G","G/G","A/G","A/G","A/G","G/G","A/A","G/G","A/A","A/A","G/G","G/G","A/G","A/G","A/A","A/G","A/G","G/G","A/A","G/G","A/G","A/G","A/G","A/A","A/G","A/A","A/A","A/G","A/A","A/A","A/G","A/A","A/G","A/A","A/G","G/G","A/A","A/G","A/A","A/G","A/A","A/A","A/A","A/A","A/A","A/A","A/G","A/G","A/G","A/A","A/A","G/G","A/A","A/A","A/A","A/G","A/G","A/A","A/A","A/A","A/G","A/A","A/A","A/A","A/A","A/G","A/A","A/A","A/A","A/G","A/A","A/G","A/G","G/G","?/?","A/A","G/G","A/G","A/G","A/G","A/A","A/G","A/G","G/G","A/A","A/G","A/G","A/G","G/G","G/G","G/G","A/G","A/G","G/G","G/G","A/G","A/G","A/G","A/A","A/A","A/A","A/A","A/A","A/A","G/G","A/A","A/A","A/G","A/G","A/G","G/G","G/G","A/A","G/G","A/G","G/G","G/G","A/G","A/G","G/G","A/G","G/G","A/G","A/G","A/A","A/G","A/G","G/G","A/G","G/G","A/A","A/G","A/G","A/G","G/G","A/A","A/G","G/G","A/G","A/A","A/A","A/A","G/G","A/A","A/A","A/A","A/A","A/G","A/A","A/G","A/G","A/G","A/G","G/G","A/A","A/G","A/G","A/A","A/G","A/G","A/A","A/G","A/G","G/G","A/G","A/A","A/G","A/A","A/A","A/G","A/A","A/A","G/G","A/A","A/A","A/A","A/A","A/G","A/G","A/G","G/G","A/A","A/A","A/A","A/A","G/G","A/G","A/G","A/G","A/G","G/G","G/G","A/A","A/G","A/G","G/G","A/A","A/G","A/A","A/G","A/A","A/G","G/G","A/G","G/G","A/A","A/G","A/G","A/A","A/A","A/G","A/G","G/G","G/G","A/G","A/A","A/G","A/G","A/G","?/?","A/G","A/A","A/G","A/A","A/A","G/G","A/G","A/G","A/G","A/G","A/A","A/G","A/A","A/G","A/G","G/G","A/A","A/A","A/G","A/G","G/G","A/G","A/G","A/A","A/G","G/G","G/G","A/G","A/G","A/G","A/A","A/A","A/A","A/A","G/G","A/A","G/G","A/A","G/G","A/A","A/A","A/G","A/A","A/A","G/G","A/G","A/G","A/A","A/A","A/A","A/G","A/G","A/G","G/G","A/G","A/G","A/A","G/G","A/A","G/G","A/A","A/G","G/G","A/A","A/G","A/G","A/G","A/G","A/G","A/G","A/G","A/G","A/A","A/G","A/A","A/A","A/A","A/G","A/G","A/G","A/A","G/G","G/G","A/G","A/G","A/G","A/A","A/G","A/G","A/G","A/A","A/G","?/?","A/G","A/G","G/G","A/G","G/G","G/G","A/G","A/A","A/G","A/G","G/G","A/G","G/G","A/A","A/G","G/G","A/G","A/A","G/G","A/G","A/G","A/G","A/G","A/G","A/G","A/G","A/G","A/G","G/G","A/G","A/A","A/A","A/A","A/G","A/A","A/A","A/G","A/A","A/A","A/G","A/G","A/G","A/A","A/G","A/G","A/A","A/G","A/A","A/A","A/G","A/A","A/G","G/G","G/G","A/G","A/A","A/A","A/A","A/A","G/G","A/A","A/A","A/G","A/A","A/A","A/A","A/A","A/G","A/G","A/G","A/A","A/G","A/A","A/G","A/A","A/G","A/A","A/A","A/A","A/G","A/G","G/G","A/A","A/A","A/G","A/G","A/G","G/G","A/A","G/G","A/G","A/G","G/G","A/A","A/A","A/A","A/G","A/A","A/A","A/G","A/A","A/A","A/G","G/G","G/G","A/A","A/G","A/A","A/A","A/G","A/G","A/G","A/A","A/G","G/G","A/A","A/G","A/G","G/G","A/A","A/A","G/G","A/A","A/G","A/G","A/G","A/A","A/G","A/G","A/A","G/G","A/G","A/G","A/A","A/A","A/G","A/A","G/G","A/A","A/G","A/A","A/A","A/G","A/A","A/A","A/G","A/A","A/A","A/A","A/G","A/G","A/G","A/G","G/G","G/G","A/G","G/G","?/?","A/A","A/A","A/G","A/G","A/A","G/G","A/A","G/G","A/G","A/A","G/G","G/G","G/G","A/G","A/G","A/A","A/A","A/G","A/A","A/G","A/G","A/A","A/A","A/A","A/A","A/G","A/A","A/A","A/A","A/A","A/A","A/A","A/A","A/A","A/A","A/A","A/A","A/A","A/A","A/A","A/A","A/A","G/G","G/G","A/G","A/A","A/G","A/G","A/A","G/G","A/G","A/G","G/G","A/G","G/G","A/G","G/G","A/G","A/A","A/G","A/A","G/G","A/G","G/G","G/G","G/G","A/G","G/G","G/G","G/G","G/G","A/G","G/G","G/G","A/A","A/A","G/G","G/G","G/G","G/G","G/G","G/G","G/G","G/G","G/G","G/G","A/A","A/A","A/A","A/A","A/A","G/G","G/G","G/G","G/G","G/G","G/G","G/G","G/G","G/G","G/G","A/A","A/A","A/A","A/A","A/A","A/A","G/G","G/G","G/G","G/G","G/G","G/G","G/G","G/G","G/G","G/G"
"48","PZA02872.1",8131,"7","13058813","","","PZA02872","AY104876","AY104876","random",10026,11191,1,1,1,"G/G","A/G","G/G","G/G","A/G","A/G","G/G","G/G","A/G","G/G","G/G","A/G","A/G","A/G","G/G","A/G","G/G","A/A","A/G","A/G","A/G","A/G","A/A","A/G","A/G","A/G","A/G","A/A","A/A","G/G","A/G","A/G","G/G","A/A","G/G","A/G","A/G","A/G","A/A","A/G","?/?","A/A","A/G","A/A","A/A","A/A","A/A","A/G","G/G","A/G","G/G","A/A","A/A","A/A","A/G","A/A","A/A","A/A","A/A","A/G","A/A","A/G","A/A","A/A","A/G","?/?","A/G","A/G","A/A","A/A","G/G","A/A","A/G","A/G","A/G","G/G","G/G","A/G","A/A","G/G","A/A","A/A","A/A","G/G","A/G","A/A","A/G","A/A","?/?","A/A","A/G","G/G","G/G","A/A","A/A","A/A","G/G","A/A","A/G","A/G","A/A","A/G","A/A","G/G","A/A","A/G","A/A","A/G","G/G","G/G","A/A","A/G","A/A","G/G","G/G","?/?","A/G","A/A","A/G","G/G","A/G","A/A","G/G","A/G","A/G","A/G","A/G","A/G","G/G","G/G","A/G","G/G","A/G","A/G","G/G","A/G","A/A","A/A","G/G","A/G","G/G","A/A","A/A","A/G","G/G","G/G","G/G","A/A","G/G","G/G","G/G","G/G","A/G","A/G","A/G","G/G","G/G","A/G","A/G","A/G","A/G","G/G","A/G","A/A","G/G","A/G","A/G","A/G","G/G","A/G","A/A","A/A","G/G","G/G","A/G","A/G","A/A","G/G","A/G","A/G","G/G","A/A","A/G","A/A","A/G","A/G","A/G","G/G","G/G","G/G","G/G","A/G","G/G","G/G","A/A","G/G","G/G","A/G","A/A","A/G","G/G","G/G","A/G","A/G","A/A","?/?","A/A","A/A","A/A","A/G","?/?","A/G","A/G","A/G","G/G","A/A","G/G","G/G","A/G","A/A","A/G","A/A","A/A","G/G","A/A","A/A","A/A","A/A","A/G","A/A","G/G","A/A","A/A","A/A","A/G","A/G","A/A","A/A","A/A","A/A","A/G","A/G","?/?","A/G","A/G","A/A","A/A","A/A","A/A","A/A","A/G","A/G","A/A","A/G","A/A","A/G","A/A","A/A","A/G","A/A","A/A","A/A","A/G","A/A","A/G","A/A","A/A","?/?","A/G","A/A","A/G","A/A","A/G","G/G","A/A","A/A","A/A","A/A","A/G","A/A","A/A","A/G","A/A","A/G","A/A","A/A","A/G","A/G","A/A","A/A","A/A","A/A","A/A","G/G","A/A","A/G","A/G","A/A","A/A","A/A","A/G","A/G","G/G","A/A","A/G","A/A","A/G","A/G","G/G","A/G","?/?","?/?","A/A","A/A","A/A","A/A","A/A","A/A","A/A","?/?","A/A","A/A","A/A","A/A","A/A","A/A","A/A","A/A","A/G","A/A","A/G","A/A","A/A","A/A","A/G","A/G","A/A","A/A","A/G","A/G","A/A","A/A","A/A","A/A","A/A","A/A","A/G","A/A","A/A","A/A","A/A","A/A","A/A","A/A","A/A","A/A","A/A","A/G","A/G","A/A","A/A","A/A","A/A","A/G","A/G","A/A","A/G","A/A","A/A","A/A","A/A","A/A","G/G","A/G","A/G","A/G","A/A","A/A","A/G","A/A","A/A","G/G","A/G","?/?","A/G","A/A","A/A","A/A","A/A","A/A","A/A","A/G","G/G","A/G","A/G","A/A","A/G","A/A","A/A","A/G","A/A","G/G","G/G","A/A","A/G","A/G","A/A","A/A","A/A","A/A","A/A","A/A","A/G","A/A","A/G","A/G","A/G","G/G","A/G","A/A","A/G","A/A","A/G","A/A","A/A","A/G","A/G","A/G","A/G","?/?","A/G","A/A","A/A","G/G","A/A","A/G","A/G","A/A","A/G","A/A","A/A","A/A","A/A","A/A","A/A","G/G","A/A","A/G","A/A","A/A","A/A","A/A","A/G","A/G","A/A","A/A","A/A","A/A","A/A","A/G","A/G","A/A","A/A","G/G","A/G","A/G","?/?","G/G","A/A","A/A","A/G","A/A","A/G","A/G","A/G","G/G","A/A","A/G","A/G","A/G","A/G","A/A","G/G","A/A","A/A","A/A","A/A","A/G","A/G","A/A","G/G","G/G","A/A","A/G","A/G","A/G","G/G","G/G","A/A","A/A","G/G","A/G","A/G","A/G","A/G","A/A","A/G","A/G","A/G","A/A","A/A","A/A","A/G","A/G","A/G","A/G","G/G","A/G","A/G","G/G","A/A","A/G","G/G","G/G","A/A","A/A","A/G","A/G","A/A","A/G","A/A","A/A","A/A","A/A","A/A","A/A","A/A","A/G","A/G","G/G","G/G","A/G","A/G","A/G","A/G","A/A","A/G","A/A","A/G","A/A","A/A","A/G","A/G","A/G","G/G","A/A","A/A","A/A","A/A","A/A","A/A","A/A","A/A","A/A","A/A","A/G","A/A","A/A","A/A","A/G","A/A","A/G","A/A","A/A","A/A","A/A","A/A","A/A","A/G","G/G","A/G","A/A","G/G","A/G","A/G","A/A","A/G","A/G","A/A","G/G","A/G","G/G","A/A","G/G","A/A","A/G","A/G","G/G","G/G","A/G","A/G","G/G","A/A","?/?","A/G","A/G","?/?","A/A","A/G","G/G","A/A","A/G","G/G","G/G","A/A","A/G","A/G","G/G","A/A","G/G","A/A","A/A","A/G","A/A","A/G","G/G","G/G","G/G","A/A","A/A","A/G","A/G","G/G","G/G","A/A","A/G","G/G","A/G","G/G","A/G","G/G","A/A","A/G","G/G","G/G","A/G","A/A","A/A","A/A","A/A","A/G","G/G","A/G","A/G","A/A","A/A","A/A","A/A","A/A","A/A","A/G","A/A","A/A","A/G","A/A","A/A","A/G","A/G","A/A","A/A","A/A","G/G","A/A","A/A","A/A","A/A","A/A","G/G","A/G","A/G","A/G","A/A","A/A","A/A","A/A","A/G","A/A","A/A","A/A","G/G","A/G","A/A","A/G","A/A","A/G","A/G","G/G","A/A","A/G","?/?","A/G","A/A","G/G","G/G","G/G","G/G","A/G","A/G","A/G","A/G","G/G","A/G","G/G","A/G","A/G","G/G","A/G","G/G","G/G","G/G","G/G","G/G","A/G","?/?","A/G","G/G","G/G","A/G","G/G","?/?","A/G","A/G","A/G","A/G","A/A","A/G","A/A","A/G","A/A","G/G","A/A","A/G","A/G","A/A","G/G","A/A","A/G","A/A","A/G","A/G","A/A","A/A","A/A","G/G","A/G","A/G","G/G","A/G","G/G","G/G","A/A","A/G","A/A","A/A","A/G","G/G","A/G","A/G","A/G","A/A","A/A","A/G","A/G","A/A","A/G","A/G","A/G","A/G","A/A","A/G","A/G","A/G","A/A","A/G","A/A","A/A","A/G","G/G","A/G","A/A","A/G","G/G","A/G","A/G","A/G","A/A","A/G","A/A","A/A","A/G","A/A","A/A","A/G","A/A","G/G","A/A","G/G","A/G","A/G","A/G","A/G","A/G","A/G","A/A","A/A","A/G","A/A","A/A","A/A","G/G","A/A","A/A","A/A","A/A","A/G","A/G","A/A","A/G","?/?","A/A","A/G","G/G","A/A","A/A","A/G","A/A","A/A","A/A","G/G","A/A","A/A","A/G","G/G","A/A","G/G","A/G","A/A","A/G","A/A","A/A","A/A","A/G","A/A","A/A","A/G","A/G","A/G","A/A","A/A","A/A","A/A","G/G","A/A","A/G","A/A","A/G","A/G","A/A","G/G","G/G","A/G","A/A","A/G","A/G","A/G","G/G","A/G","A/G","A/A","A/G","A/A","A/G","A/G","G/G","A/G","A/G","A/A","A/A","A/G","A/G","A/A","A/A","A/G","A/A","A/G","A/A","A/A","A/G","A/G","A/G","G/G","G/G","A/A","A/A","A/G","A/G","A/A","A/G","A/A","A/A","A/A","A/G","A/A","A/G","A/A","A/G","G/G","A/G","G/G","A/A","A/G","A/A","A/A","A/A","A/G","A/A","A/A","A/A","A/A","A/G","A/A","A/A","G/G","G/G","G/G","G/G","G/G","A/A","A/A","A/A","A/A","A/A","A/A","A/A","G/G","G/G","G/G","G/G","G/G","A/A","A/A","G/G","G/G","G/G","G/G","G/G","G/G","G/G","A/A","A/A","A/A","A/A","A/A","A/A","A/A","A/A","A/A","A/A","A/G","G/G","G/G","G/G","A/A","A/A","A/A"
"53","PZA03067.17",4402,"7","14354166","","","PZA03067","AY103963","AY103963","random",10060,11308,1,1,1,"C/C","C/T","C/C","C/C","C/T","C/C","C/C","C/C","C/C","C/C","C/C","C/C","C/T","C/C","C/T","C/C","C/T","C/C","C/C","C/C","C/C","C/C","C/C","C/T","C/T","C/C","C/C","C/C","C/C","C/C","C/C","C/C","C/C","C/C","C/C","C/C","C/C","C/T","C/C","C/C","C/C","C/C","C/C","C/C","C/T","C/C","C/C","C/C","C/C","C/C","C/C","C/C","C/C","C/C","C/C","C/C","C/C","C/C","C/C","C/C","C/C","C/C","C/C","C/C","C/C","C/C","C/C","C/T","C/C","C/C","C/T","C/C","C/C","C/C","C/C","C/C","C/C","C/T","C/C","C/T","C/C","C/C","C/C","C/C","C/C","C/C","C/C","C/C","C/C","C/C","C/T","C/C","C/C","C/T","C/C","C/C","C/C","C/C","C/T","C/T","?/?","C/T","C/C","C/C","C/C","C/C","C/C","C/C","C/T","C/C","C/T","C/C","C/T","C/T","C/C","C/C","C/C","C/T","C/C","C/C","C/C","C/C","C/C","C/C","C/C","C/C","C/C","C/C","C/C","C/C","C/C","C/T","C/C","C/C","C/C","C/C","C/C","C/C","C/C","C/C","C/C","C/C","C/C","C/T","C/C","C/C","C/C","C/C","C/C","C/C","C/C","C/C","C/C","C/C","C/T","C/C","C/C","C/C","C/C","C/C","C/C","C/C","C/C","C/C","C/C","C/C","C/C","C/C","C/C","C/C","C/C","C/C","C/C","C/C","C/C","C/C","C/C","C/C","C/C","C/T","C/C","C/C","C/C","C/C","C/C","C/C","C/C","C/C","C/C","C/C","C/T","C/C","C/T","C/T","C/C","C/C","C/T","C/C","C/C","C/T","C/C","C/T","C/C","C/T","C/T","C/T","C/C","C/T","C/C","C/T","C/C","C/C","C/C","C/T","C/T","C/T","C/C","C/C","C/C","C/T","C/C","C/C","C/C","C/C","C/C","C/C","C/T","C/C","C/C","C/T","C/C","C/C","C/C","C/C","C/C","C/T","C/C","C/C","C/T","C/T","C/C","C/C","C/C","C/C","C/C","C/C","C/C","C/C","C/C","C/C","C/C","C/C","?/?","C/C","C/C","C/C","C/C","C/C","C/C","C/C","C/C","C/C","C/C","C/C","C/C","C/C","C/C","C/C","C/C","C/C","C/C","C/C","C/C","C/C","C/C","C/C","C/C","C/C","C/C","C/C","C/C","C/C","C/C","C/C","C/C","C/C","C/C","C/C","C/C","C/C","C/C","C/C","C/C","C/C","C/C","C/C","C/C","C/C","C/C","C/C","C/C","C/C","C/C","C/C","C/T","C/C","C/C","C/C","C/C","C/C","C/C","C/C","C/C","C/C","C/C","C/C","C/C","C/C","C/C","C/C","C/C","C/C","C/C","C/T","C/C","C/C","C/C","C/C","C/C","C/C","C/C","C/C","C/C","C/T","C/C","C/C","C/C","C/T","C/C","C/C","C/T","C/C","C/C","C/C","C/C","C/C","C/C","C/C","C/C","C/C","C/C","C/C","C/C","C/C","C/C","C/C","C/C","C/C","C/C","C/C","C/C","C/C","C/C","C/C","C/C","C/C","C/C","C/C","C/C","C/C","C/C","C/C","C/C","C/C","C/C","C/C","C/C","C/C","C/C","C/C","C/C","C/C","C/C","C/T","C/C","C/C","C/C","C/C","C/C","C/T","C/C","C/C","C/T","C/C","C/C","C/C","C/C","C/T","C/C","C/C","C/C","C/C","C/C","C/C","C/C","C/C","C/C","C/C","C/C","C/C","C/T","C/C","C/C","C/C","C/C","C/C","C/C","C/C","C/C","C/C","C/C","C/C","C/C","C/C","C/C","C/C","C/C","C/C","C/C","C/C","C/C","C/C","C/C","C/C","C/C","C/C","C/C","C/C","C/C","C/C","C/C","C/C","C/C","C/C","C/C","C/C","C/C","C/C","C/C","C/C","C/C","C/C","C/C","C/C","C/C","C/C","C/C","C/C","C/C","C/C","C/C","C/C","C/C","C/C","C/C","C/C","C/C","C/C","C/C","C/C","C/T","C/C","C/C","C/T","C/C","C/C","C/T","C/C","C/C","C/C","C/C","C/C","C/T","C/C","C/C","C/C","C/C","C/C","C/C","C/C","C/C","C/C","C/C","C/C","C/C","C/C","C/C","C/C","C/C","C/C","C/C","C/C","C/C","C/C","C/C","C/C","C/C","C/C","C/C","C/C","C/C","C/C","C/C","C/C","C/C","C/C","C/C","C/C","C/C","C/C","C/C","C/C","C/C","C/C","C/C","C/C","C/C","C/C","C/C","C/C","C/C","C/C","C/C","C/C","C/C","C/C","C/C","C/C","C/C","C/C","C/C","C/C","C/C","C/C","C/C","C/C","C/C","C/C","C/C","C/C","C/C","C/C","C/T","C/C","C/C","C/C","C/C","C/C","C/C","C/C","C/C","C/C","C/C","C/C","C/C","C/C","C/C","C/C","C/C","C/C","C/C","C/C","C/C","C/C","C/C","C/C","C/C","C/C","C/C","C/C","C/C","C/C","C/C","C/C","C/C","C/C","C/C","C/C","C/C","C/T","C/C","C/C","C/C","C/T","C/C","C/C","C/T","C/C","C/T","C/C","C/C","C/C","C/C","C/C","C/C","C/T","C/T","C/C","C/C","C/C","C/C","C/C","C/T","C/T","C/C","C/C","C/C","C/C","C/C","C/C","C/C","C/C","C/C","C/C","C/C","C/C","C/C","C/C","C/C","C/C","C/C","C/C","C/C","C/C","C/C","C/C","C/C","C/C","C/C","C/C","C/C","C/C","C/C","C/T","C/C","C/C","C/C","C/C","C/C","C/C","C/C","C/C","C/C","C/C","C/C","C/C","C/C","C/C","C/C","C/C","C/C","C/C","C/C","C/C","C/C","C/C","C/C","C/C","C/C","C/C","C/C","C/C","C/C","C/C","C/C","C/C","C/C","C/C","C/C","C/C","C/C","C/C","C/C","C/C","C/C","C/C","C/C","C/C","C/C","C/C","C/C","C/C","C/C","C/C","C/C","C/C","C/C","C/C","C/C","C/C","C/C","C/C","C/C","C/C","C/C","C/C","C/C","C/C","C/C","C/C","C/C","C/C","C/C","C/C","C/C","C/C","C/C","C/C","C/C","C/C","C/C","C/C","C/C","C/C","C/C","C/C","C/C","C/C","C/C","C/C","C/C","C/C","C/C","C/C","C/C","C/C","C/C","C/C","C/C","C/C","C/C","C/C","C/C","C/C","C/C","C/C","C/C","C/T","C/C","C/C","C/C","C/C","C/C","C/C","C/C","C/C","C/C","C/C","C/C","C/C","C/C","C/C","C/C","C/C","C/C","C/C","C/C","C/C","C/C","C/C","C/C","C/C","C/C","C/C","C/C","C/C","C/C","C/C","C/C","C/C","C/C","C/C","C/C","C/C","C/C","C/C","C/C","C/C","C/C","C/C","C/C","C/C","C/C","C/C","C/C","C/C","C/C","C/C","C/C","C/C","C/C","C/C","C/C","C/C","C/C","C/C","C/C","C/C","C/C","C/C","C/C","C/C","C/C","C/C","C/C","C/C","C/C","C/C","C/C","C/T","C/C","C/C","C/C","C/C","C/C","C/C","?/?","C/T","C/C","C/T","C/C","C/C","C/C","C/T","C/C","C/T","C/C","C/C","C/C","C/C","C/T","C/C","C/C","C/C","C/C","C/C","C/T","C/T","C/C","C/T","C/C","C/C","C/C","C/C","C/C","C/C","C/C","?/?","C/C","C/C","C/C","C/C","C/C","C/C","C/C","C/C","C/C","C/T","C/C","C/T","C/C","C/C","C/C","C/C","C/C","C/C","C/C","C/C","C/C","C/C","C/C","C/T","C/C","C/T","C/C","C/C","C/C","C/T","C/C","C/C","C/C","C/C","C/T","C/T","C/C","C/T","C/C","C/C","C/T","C/C","C/C","T/T","C/T","C/C","C/C","C/C","C/C","C/C","C/C","C/C","C/C","C/C","C/C","C/C","C/C","C/C","C/C","C/T","C/C","C/C","C/C","C/T","C/C","C/T","C/C","C/C","C/C","C/C","C/C","C/C","C/C","C/C","C/C","C/C","C/C","C/C","C/C","?/?","T/T","C/C","C/C","C/C","C/C","C/C","C/C","C/C","C/C","C/C","C/C","C/C","C/C","C/C","C/C","C/C","C/C","C/C","C/C","C/C","C/C","C/C","C/C","C/C","C/C","C/C","C/C","C/C","C/C","C/C","C/C","C/C","C/C","C/C","C/C","C/C","C/C"
"54","PZA03067.20",4403,"7","14354237","","","PZA03067","AY103963","AY103963","random",10061,11309,0,0,0,"G/G","G/G","A/A","A/G","A/G","G/G","?/?","A/A","G/G","A/A","A/A","A/A","A/G","A/A","A/G","A/G","A/G","G/G","A/G","A/A","A/A","A/A","A/A","?/?","G/G","A/G","G/G","A/G","A/A","A/A","A/A","A/A","A/G","A/A","?/?","A/G","A/A","G/G","A/A","A/A","G/G","A/G","A/G","G/G","G/G","G/G","A/A","A/G","G/G","A/G","A/A","A/G","A/G","A/A","A/A","G/G","A/A","A/G","G/G","G/G","G/G","A/G","A/G","G/G","G/G","G/G","A/G","A/G","A/G","G/G","A/G","A/G","G/G","A/G","A/A","A/G","G/G","A/G","A/G","A/G","A/A","G/G","A/G","A/G","A/A","A/A","A/G","A/G","G/G","A/A","A/G","A/G","A/G","?/?","A/A","A/G","G/G","A/G","G/G","A/G","A/G","A/G","A/G","G/G","A/G","?/?","A/A","G/G","A/G","A/G","A/G","G/G","A/G","A/G","A/G","A/A","A/G","G/G","A/G","G/G","A/G","A/A","A/A","A/A","A/A","G/G","A/A","A/A","A/G","A/A","A/G","A/G","A/G","A/G","A/A","A/G","A/A","A/A","A/A","G/G","A/G","A/A","A/A","A/G","A/G","A/A","?/?","A/A","?/?","A/A","A/G","A/A","A/A","A/G","A/G","A/G","A/G","A/G","A/A","A/A","A/A","A/G","A/G","A/A","G/G","G/G","A/A","G/G","G/G","A/A","A/G","A/A","G/G","G/G","A/A","G/G","A/A","A/A","G/G","A/G","G/G","A/G","A/A","A/A","A/G","?/?","A/A","A/G","G/G","G/G","G/G","A/A","A/G","G/G","A/A","A/A","A/G","A/A","A/G","G/G","A/A","A/G","A/G","?/?","A/G","G/G","A/A","A/G","A/G","A/G","A/G","A/G","A/G","A/G","A/G","A/G","G/G","G/G","A/A","A/G","A/G","A/G","A/A","A/A","A/G","G/G","G/G","G/G","G/G","?/?","G/G","G/G","G/G","G/G","A/G","?/?","A/G","G/G","G/G","G/G","G/G","A/G","G/G","G/G","G/G","A/G","A/G","?/?","A/G","G/G","?/?","A/G","A/G","G/G","A/G","A/A","G/G","G/G","G/G","A/G","G/G","A/G","A/G","A/G","A/G","A/A","G/G","A/G","G/G","G/G","A/G","G/G","A/G","A/G","A/G","G/G","G/G","G/G","A/G","G/G","?/?","A/A","G/G","A/A","G/G","A/G","A/G","G/G","A/G","G/G","A/A","A/G","A/A","G/G","A/G","A/A","A/G","A/A","A/G","G/G","A/G","A/G","G/G","A/A","A/G","A/G","A/A","A/G","A/G","A/G","A/G","A/G","A/G","A/G","A/G","?/?","A/G","A/A","G/G","A/G","A/G","A/A","A/G","G/G","A/G","A/A","A/G","A/G","A/G","A/G","A/G","A/G","G/G","A/G","A/A","A/A","A/G","A/G","A/G","A/G","G/G","A/G","A/G","A/G","G/G","G/G","A/A","A/G","A/G","A/G","G/G","G/G","G/G","G/G","A/A","A/A","A/A","G/G","A/A","A/G","G/G","G/G","A/G","G/G","A/G","A/A","A/A","G/G","?/?","A/A","A/G","A/G","A/G","A/G","A/G","A/A","A/G","G/G","A/G","G/G","A/G","A/G","A/A","?/?","A/A","A/G","G/G","A/G","A/G","G/G","A/G","A/G","A/G","G/G","A/G","G/G","G/G","G/G","A/A","G/G","A/G","A/G","G/G","A/A","A/G","A/G","A/G","A/G","A/A","A/G","?/?","?/?","A/G","A/A","G/G","G/G","G/G","?/?","A/G","A/G","G/G","G/G","A/G","G/G","A/G","A/G","A/G","A/G","G/G","A/A","G/G","A/A","A/G","G/G","?/?","A/G","G/G","A/G","A/A","A/G","A/G","A/G","A/A","A/A","A/A","A/A","A/A","?/?","A/G","A/A","A/G","A/G","A/G","A/A","?/?","A/G","G/G","A/G","A/G","A/G","A/G","A/G","A/A","A/G","A/G","A/A","G/G","A/G","G/G","A/G","A/G","A/G","A/A","A/G","A/G","A/A","A/G","A/G","G/G","A/A","A/A","G/G","A/G","G/G","A/G","A/G","A/G","G/G","A/G","G/G","G/G","A/G","A/G","G/G","A/G","A/G","A/G","A/A","A/G","A/G","A/A","A/G","A/A","A/A","A/G","A/G","A/G","A/G","A/A","G/G","A/A","?/?","G/G","A/G","?/?","A/G","A/A","G/G","?/?","G/G","A/G","A/A","G/G","A/A","A/A","A/G","A/G","A/A","A/A","A/G","A/A","A/G","A/A","A/G","G/G","A/A","G/G","A/G","G/G","A/G","G/G","A/G","G/G","A/G","A/A","A/A","A/G","A/A","G/G","A/A","A/A","A/G","G/G","A/G","A/A","A/A","A/G","A/G","A/G","A/A","A/G","A/G","A/G","A/G","A/G","A/G","A/G","?/?","A/A","A/G","A/A","A/A","A/A","A/G","A/G","A/G","A/A","A/A","A/G","A/G","A/A","G/G","A/G","A/A","A/G","A/G","A/A","A/G","A/G","G/G","G/G","A/G","A/G","A/G","A/A","?/?","A/G","A/A","A/G","A/G","A/G","G/G","A/A","A/G","A/A","A/G","A/G","G/G","A/G","A/G","A/A","A/G","A/G","A/G","A/G","A/A","A/G","A/A","A/A","G/G","A/G","A/A","A/G","A/G","A/A","?/?","A/A","A/A","A/G","A/G","G/G","A/A","A/A","A/A","A/G","A/G","A/G","A/A","A/G","G/G","G/G","A/G","A/G","A/G","G/G","A/G","G/G","G/G","A/A","A/A","A/A","G/G","A/G","G/G","?/?","G/G","G/G","A/A","A/G","?/?","A/G","A/G","G/G","G/G","A/A","G/G","A/G","G/G","A/G","A/G","A/G","G/G","A/A","G/G","A/A","A/G","?/?","G/G","A/G","A/G","G/G","A/G","A/A","A/A","A/G","A/A","A/G","A/G","A/G","A/A","A/G","G/G","A/A","A/G","?/?","A/A","A/G","A/G","A/A","A/A","A/G","A/G","G/G","A/G","A/A","A/A","A/A","G/G","G/G","?/?","A/A","A/G","A/A","A/G","A/G","A/A","A/G","A/G","A/G","A/A","A/A","A/G","G/G","?/?","A/G","A/A","A/G","A/A","A/A","A/A","G/G","A/G","A/A","A/G","A/G","A/G","A/A","A/A","G/G","A/G","A/A","A/A","A/A","A/A","A/G","A/A","A/A","A/G","A/G","A/A","A/G","A/A","A/A","A/G","A/G","A/A","A/A","A/A","A/G","G/G","A/A","A/G","A/A","A/G","A/G","?/?","G/G","?/?","A/G","G/G","A/G","A/G","A/A","G/G","A/A","A/G","A/G","A/A","G/G","A/G","G/G","A/G","A/G","G/G","G/G","A/G","A/A","A/G","A/G","G/G","A/G","G/G","A/G","A/A","G/G","A/A","G/G","A/A","A/A","A/G","A/G","A/A","A/A","A/A","A/A","A/G","A/G","?/?","A/A","A/A","A/G","A/A","G/G","G/G","A/A","A/A","A/G","A/G","A/G","A/G","A/A","A/A","G/G","A/G","A/A","?/?","G/G","G/G","G/G","A/G","A/G","A/A","A/G","A/G","A/A","A/G","A/A","A/G","G/G","A/A","G/G","G/G","A/G","A/A","G/G","A/A","A/G","A/G","G/G","A/G","A/A","G/G","A/G","A/A","A/A","A/G","A/A","?/?","A/G","A/A","A/A","A/G","A/A","A/G","A/A","A/G","A/G","A/G","A/A","G/G","A/A","A/G","A/A","A/G","G/G","G/G","A/G","A/G","A/A","A/G","A/A","A/G","G/G","A/G","A/G","G/G","A/A","G/G","A/G","A/G","G/G","A/G","A/G","A/G","A/G","A/G","A/G","A/G","A/G","A/G","A/G","G/G","G/G","A/G","A/A","G/G","A/A","A/A","A/A","A/G","G/G","G/G","A/G","A/G","A/A","A/A","G/G","G/G","A/A","A/A","A/G","A/G","A/G","G/G","A/A","A/A","G/G","G/G","G/G","G/G","G/G","G/G","A/A","A/A","G/G","G/G","G/G","G/G","G/G","?/?","A/A","A/A","A/A","A/A","G/G","G/G","A/A","A/A","A/A","G/G","A/G","G/G","G/G","G/G","G/G","G/G","G/G","G/G","G/G","A/A","A/A","A/A","A/A","A/A","A/A","?/?","A/A","A/A","?/?","A/A","G/G","G/G","A/A","A/A","A/A"
"79","PZB01228.1",6276,"7","15335449","","","PZB01228","AZM4_91444","AZM4_91444","candidate",8305,11683,1,1,1,"A/A","A/A","A/A","A/A","A/A","A/A","A/A","A/A","A/A","A/G","A/A","A/A","A/A","A/A","A/G","A/A","A/A","A/A","A/A","A/A","A/A","A/A","A/A","A/A","A/A","A/A","A/A","A/A","A/A","A/A","A/A","A/A","A/A","A/A","A/A","A/A","A/A","A/A","A/A","A/A","A/A","A/A","A/A","A/A","A/A","A/A","?/?","A/A","A/A","A/A","A/A","A/A","A/A","A/A","A/A","A/A","A/A","A/A","A/A","A/A","A/A","A/A","A/A","A/A","A/G","A/A","A/A","A/A","A/A","A/A","A/A","A/A","A/A","A/A","A/A","A/A","A/A","A/A","A/A","A/A","A/A","A/A","A/A","A/A","A/A","A/A","A/A","A/A","A/G","A/A","A/A","A/A","A/A","A/A","A/A","A/A","A/A","A/A","A/G","A/A","?/?","A/A","A/A","A/G","A/A","A/A","A/A","A/G","A/G","A/A","A/A","G/G","A/G","A/G","A/A","A/A","A/A","A/G","A/G","A/A","A/A","A/A","A/A","A/A","A/A","A/A","A/A","A/A","A/G","A/A","A/A","A/G","A/G","A/A","A/A","A/A","A/A","A/A","A/A","A/A","A/A","A/A","A/A","A/A","A/G","A/A","A/A","A/A","A/G","A/G","A/G","A/G","A/A","A/G","A/A","A/A","A/G","A/A","A/A","G/G","A/G","A/G","A/A","A/A","A/A","A/A","A/A","A/A","A/G","A/A","A/A","A/A","A/A","A/A","A/G","A/G","A/A","A/A","A/G","A/A","A/A","A/G","A/A","A/A","A/G","A/A","A/G","A/A","A/A","A/A","A/A","A/G","A/A","A/A","A/G","A/A","A/G","A/G","A/G","A/A","A/A","A/G","A/A","A/A","A/G","G/G","A/G","A/A","A/G","A/A","A/G","A/A","A/G","A/G","A/G","A/G","A/A","A/A","A/G","A/A","A/A","A/A","A/A","A/A","A/A","A/A","A/A","A/G","A/G","A/A","A/A","A/G","A/A","G/G","A/G","A/A","G/G","A/A","A/G","A/A","A/A","A/A","A/A","A/A","A/A","A/A","A/A","A/G","A/A","A/A","A/A","A/A","A/A","A/A","A/A","A/A","A/G","A/A","A/A","A/A","A/A","A/A","A/A","A/A","A/A","A/A","A/A","A/A","A/A","A/A","A/A","A/A","A/G","A/A","A/A","A/A","A/A","A/A","A/A","A/A","A/A","A/A","A/A","A/A","A/A","A/A","A/A","A/A","A/A","A/A","A/A","A/A","A/A","A/A","A/A","A/A","A/A","A/A","A/A","A/A","A/A","A/A","A/A","A/A","A/G","A/A","A/A","A/A","A/A","A/A","A/G","A/A","A/A","A/A","A/A","A/A","A/A","A/A","A/A","A/A","A/A","A/A","A/A","A/A","A/A","A/A","A/A","A/A","A/A","A/A","A/A","A/A","A/A","A/A","A/A","A/A","A/A","A/A","A/A","A/A","A/A","A/A","A/A","A/A","A/A","A/A","A/A","A/A","A/A","A/A","A/A","A/A","A/A","A/A","A/A","A/A","A/A","A/A","A/A","A/A","A/A","?/?","A/A","A/A","A/A","A/A","A/A","A/A","A/A","A/A","A/A","A/A","A/A","A/A","A/A","A/A","A/A","A/A","A/A","A/A","A/A","A/A","A/A","A/A","A/A","A/A","A/A","A/A","A/A","A/A","A/A","A/A","A/A","A/A","A/A","A/A","A/A","A/A","A/A","A/A","A/A","A/A","A/A","A/A","A/A","A/A","A/A","A/A","A/A","A/A","A/A","A/A","A/A","A/A","A/A","A/A","A/A","A/A","A/A","A/A","A/A","A/A","A/A","A/A","A/A","A/A","A/A","A/A","A/A","A/A","A/A","A/A","A/A","A/G","A/A","A/A","A/G","A/A","A/A","A/A","A/A","A/A","A/G","A/A","A/A","G/G","A/G","A/A","A/A","A/A","A/A","A/A","A/A","A/A","A/A","A/A","A/A","A/A","A/A","A/A","A/A","A/A","A/A","A/A","A/A","A/A","A/A","A/A","?/?","A/A","A/A","A/A","A/G","A/A","A/A","A/A","A/A","A/A","A/A","A/A","A/A","A/A","A/A","A/A","A/A","A/A","A/G","A/A","A/A","A/A","A/G","A/A","A/A","A/G","A/G","A/A","A/G","A/A","A/A","A/G","A/A","A/A","A/A","A/G","A/G","A/G","A/A","A/A","A/A","A/A","A/G","A/A","A/G","A/A","G/G","A/A","A/A","A/A","A/G","A/A","A/A","G/G","A/A","A/A","G/G","A/G","A/A","A/A","A/G","A/A","A/G","A/A","A/G","A/A","A/A","A/A","A/G","A/G","A/G","A/G","G/G","A/A","A/G","A/A","A/A","A/A","G/G","A/G","A/A","A/A","A/A","A/A","A/G","A/A","A/A","A/A","A/A","A/A","A/A","?/?","A/A","A/A","A/A","A/A","A/A","A/A","A/A","A/A","A/A","A/A","A/A","A/A","A/A","A/A","A/A","A/A","A/A","A/A","A/A","A/A","A/A","A/A","A/A","A/A","A/A","A/A","A/A","G/G","A/G","A/A","A/A","A/G","A/A","A/A","A/A","A/A","A/A","A/A","A/A","A/A","A/G","A/A","A/A","A/A","A/G","A/G","A/A","A/A","A/A","A/G","A/A","A/A","A/A","A/A","A/A","A/A","A/A","A/A","A/G","G/G","A/G","A/A","A/A","A/A","A/A","A/A","A/A","A/A","A/G","A/G","A/A","A/A","A/G","A/A","A/A","A/A","A/G","A/G","A/A","A/A","A/G","A/G","A/G","A/A","A/A","A/G","A/A","A/A","A/A","A/A","A/A","A/A","A/A","A/A","A/A","A/A","A/A","A/A","A/A","A/A","A/G","A/G","A/A","A/G","A/A","A/G","A/G","A/A","A/G","A/A","A/G","A/A","A/A","A/A","A/A","A/A","A/A","A/A","A/A","A/A","A/A","A/A","A/A","A/G","A/A","A/A","A/A","A/A","A/A","A/A","A/A","A/A","A/A","A/G","A/A","A/A","A/A","A/A","A/G","A/A","A/A","A/A","A/A","A/A","A/A","A/A","A/A","A/A","A/A","A/A","A/A","A/A","A/A","A/A","A/A","A/A","A/A","A/A","A/A","A/A","A/A","A/A","?/?","A/G","A/G","A/A","A/A","A/A","A/A","A/A","A/A","A/A","A/A","A/A","A/G","A/A","A/A","A/A","A/A","A/A","A/G","A/A","A/A","A/A","A/A","A/A","A/A","A/A","A/A","A/A","A/A","A/A","A/A","A/A","A/A","A/A","A/A","A/A","A/A","A/A","A/A","A/A","A/A","A/A","A/A","A/A","A/G","A/A","A/G","A/G","A/A","A/A","A/A","A/G","A/A","A/G","A/A","A/A","?/?","A/A","A/A","A/G","A/A","A/G","A/G","A/A","A/G","A/A","A/A","A/G","A/A","A/A","A/A","A/G","A/A","A/A","A/A","A/A","A/A","A/A","A/A","A/A","A/A","A/A","A/A","A/A","A/A","A/A","A/A","A/A","A/A","A/A","A/A","A/A","A/A","A/A","A/A","A/A","A/A","A/A","A/A","A/A","A/G","A/A","A/A","A/A","A/A","A/A","A/G","A/A","A/A","A/A","A/A","A/A","A/A","A/A","A/G","A/A","A/A","A/A","A/A","A/A","A/G","A/A","A/A","A/A","A/A","A/A","A/A","A/A","A/A","A/A","A/G","A/A","A/A","A/A","A/A","G/G","A/G","A/A","A/A","A/A","A/A","A/A","A/A","A/A","A/A","A/A","A/A","A/A","A/A","A/A","A/A","A/A","A/A","A/G","A/A","A/G","A/G","A/A","A/A","A/G","A/A","A/G","A/A","A/A","A/A","A/A","A/A","A/A","A/A","A/A","A/A","A/A","A/A","A/A","A/A","A/A","A/A","A/A","A/A","A/A","A/A","A/A","A/A","A/A","A/A","A/A","A/A","A/A","A/A","A/A","A/A","A/A","A/A","A/A","A/A","A/A","A/A","A/A","A/A","A/A","A/A","A/A","A/A","A/A","A/A","A/A","A/A","A/A","A/A","A/A","A/A","A/A","A/A","A/A","A/A","A/A","A/A","A/A","A/A","A/A","A/A","A/A","A/A","A/A","A/A","A/A","A/A","A/A","A/A","A/A","A/A","A/A","A/A","G/G","G/G","G/G","A/A","A/A","A/A","A/A","G/G","G/G","G/G","A/A","A/A","A/A","A/A","A/A","A/A","A/A","A/A","A/A","A/A"
"80","PZB01228.3",6278,"7","15335531","","","PZB01228","AZM4_91444","AZM4_91444","candidate",8306,11684,0,0,0,"G/G","A/A","G/G","A/A","A/G","A/A","A/G","A/G","A/G","A/A","A/A","A/A","A/G","G/G","A/A","A/G","A/A","A/G","A/G","A/A","G/G","A/A","A/G","A/A","A/A","A/G","A/G","A/A","A/A","G/G","A/A","A/A","A/A","A/A","A/G","A/G","A/A","A/A","A/A","G/G","A/G","A/G","A/G","G/G","A/A","A/G","A/G","A/A","A/A","A/A","A/G","A/G","A/A","A/A","A/G","G/G","G/G","A/A","A/G","A/G","A/A","A/G","?/?","A/A","A/A","A/G","A/G","A/A","A/A","A/G","A/A","A/A","G/G","A/G","A/G","A/A","A/A","A/G","A/A","A/G","A/A","A/A","A/G","A/A","A/G","G/G","A/G","A/G","A/A","A/A","A/A","A/A","A/G","G/G","?/?","A/A","A/A","A/G","A/A","A/A","G/G","A/G","A/A","A/A","A/G","A/G","A/A","A/A","A/A","A/A","G/G","A/A","A/G","A/A","A/A","?/?","A/A","A/A","A/A","A/A","A/A","A/G","A/A","A/A","A/A","G/G","G/G","A/A","A/G","A/G","A/G","A/A","A/A","G/G","G/G","G/G","A/A","A/A","A/A","A/A","A/A","A/G","A/G","A/A","A/G","A/A","G/G","A/A","A/G","A/A","?/?","A/A","A/A","A/G","A/A","A/G","A/G","A/G","G/G","A/A","A/A","A/A","A/G","A/A","A/A","A/A","A/G","A/A","A/A","A/A","A/A","G/G","A/G","A/A","A/A","A/A","A/A","A/G","A/A","A/A","G/G","A/G","A/A","A/A","A/G","A/G","A/A","A/G","A/A","A/A","A/A","A/A","A/A","A/A","A/A","A/A","A/A","?/?","A/A","A/A","A/A","A/A","A/G","A/A","A/A","A/A","A/G","A/G","A/A","A/A","A/A","A/G","A/A","A/A","A/A","A/A","A/A","A/A","A/G","A/G","A/A","A/G","A/A","A/G","A/A","A/G","A/A","A/G","A/A","A/A","A/A","A/G","?/?","A/A","A/G","A/A","A/A","A/A","A/A","A/A","A/A","A/A","A/A","A/G","A/A","A/A","A/A","A/A","A/G","?/?","A/A","?/?","?/?","A/A","A/A","A/G","A/A","A/A","A/G","A/G","A/G","A/G","A/G","A/A","A/G","A/A","A/G","A/G","A/G","A/G","A/G","A/A","A/A","A/G","A/G","A/A","A/A","?/?","A/G","A/A","A/A","A/G","A/G","A/G","A/A","A/A","A/G","A/A","A/A","A/A","G/G","A/G","G/G","A/A","A/G","A/A","A/G","A/G","?/?","A/A","G/G","A/G","A/A","A/G","A/G","A/G","A/A","A/A","A/A","A/G","A/A","G/G","G/G","G/G","A/A","A/A","A/A","A/A","A/G","A/G","A/A","A/A","A/A","A/G","A/G","A/A","A/G","G/G","A/A","A/A","A/A","A/A","G/G","A/A","G/G","G/G","G/G","A/G","?/?","A/A","A/A","A/A","A/A","A/G","G/G","?/?","A/A","A/G","G/G","G/G","A/A","A/A","A/A","A/G","A/A","A/G","A/A","A/G","A/G","A/A","A/A","?/?","?/?","A/A","A/A","G/G","A/A","A/A","G/G","A/A","G/G","A/G","A/A","A/A","A/A","A/A","A/A","A/G","A/A","A/A","A/G","A/A","A/G","A/G","A/G","A/A","A/A","A/A","A/G","A/G","A/G","A/A","A/G","A/G","A/G","A/G","A/A","A/A","A/A","A/G","A/A","A/A","A/G","A/G","A/A","A/G","A/A","A/A","A/A","G/G","A/A","?/?","G/G","G/G","A/A","A/A","A/A","A/A","A/A","A/G","A/G","A/G","A/A","A/G","G/G","A/G","A/A","A/G","A/A","A/A","G/G","A/G","A/A","A/A","A/G","A/A","A/A","A/A","A/A","A/A","A/A","A/A","A/A","A/A","A/A","A/A","A/A","A/A","A/A","A/A","A/G","A/A","A/A","A/A","A/A","A/A","G/G","A/A","A/A","G/G","A/A","A/A","A/A","A/G","?/?","A/G","A/A","A/A","A/A","A/G","A/G","A/A","A/A","A/A","A/A","A/G","A/A","A/G","A/G","A/A","A/A","A/G","A/A","A/A","A/A","A/A","A/G","A/G","A/G","A/A","A/A","A/A","A/A","A/G","A/G","?/?","?/?","A/A","G/G","A/A","A/A","A/G","A/A","A/A","A/G","A/G","A/A","A/G","A/A","A/A","A/A","A/A","A/A","A/A","A/A","A/G","G/G","A/G","A/G","A/A","A/A","A/A","G/G","A/G","A/A","A/A","A/G","A/G","A/G","A/G","A/A","G/G","A/A","A/A","G/G","A/A","A/A","A/G","A/G","A/A","A/A","G/G","A/A","A/G","G/G","A/G","A/A","A/A","A/G","A/G","A/A","A/G","A/A","G/G","A/A","A/A","A/A","A/G","A/A","?/?","A/G","A/A","?/?","A/G","G/G","A/G","A/A","A/G","G/G","G/G","A/A","A/G","A/G","A/A","G/G","A/A","A/G","A/A","A/A","A/A","A/A","A/A","A/A","A/G","G/G","A/A","A/A","A/A","?/?","A/A","A/G","A/G","A/A","A/G","A/G","?/?","A/G","G/G","A/G","?/?","A/A","A/G","A/A","A/G","A/G","A/A","G/G","A/G","A/A","A/A","A/G","A/G","A/A","A/G","A/A","A/A","A/A","A/A","A/G","A/A","A/A","A/A","A/A","A/A","A/A","A/A","?/?","A/G","A/A","A/G","A/G","A/A","A/A","A/A","A/G","A/G","A/A","A/A","A/G","A/A","A/G","A/G","A/A","A/A","A/G","?/?","A/A","?/?","A/A","A/A","A/A","A/A","A/A","A/A","A/G","A/G","A/G","?/?","G/G","A/G","A/A","A/A","A/A","A/A","A/A","A/A","A/A","G/G","A/A","A/G","A/A","A/A","A/G","A/G","A/A","A/A","A/A","A/A","A/A","A/A","A/A","A/A","G/G","A/A","A/A","A/A","?/?","A/G","A/G","A/A","A/A","A/G","A/G","A/A","A/A","A/A","A/A","A/A","A/A","A/A","G/G","A/G","A/A","A/A","?/?","A/A","G/G","G/G","A/A","G/G","A/G","A/A","?/?","A/A","A/A","G/G","A/A","G/G","G/G","A/A","A/A","A/G","A/A","A/A","A/G","G/G","G/G","A/A","?/?","A/A","G/G","G/G","G/G","G/G","A/G","A/A","A/A","A/A","A/A","G/G","A/A","G/G","A/A","A/A","?/?","A/A","A/G","A/A","A/A","A/G","A/G","A/A","A/A","A/G","A/G","?/?","G/G","A/A","A/A","A/G","A/G","A/A","A/G","A/G","A/G","A/A","A/A","G/G","?/?","A/G","A/G","A/G","A/A","A/G","A/A","A/A","A/G","A/A","A/A","A/G","A/G","A/G","A/A","A/A","A/A","A/G","A/A","A/A","G/G","A/A","A/A","A/A","A/G","A/G","A/G","A/A","A/A","A/A","A/A","A/A","A/A","A/A","A/A","A/A","A/A","A/G","A/A","A/A","?/?","A/A","A/A","A/A","A/A","A/A","A/A","A/G","A/A","A/A","?/?","A/A","A/A","A/A","A/G","A/G","A/A","A/A","A/A","G/G","A/A","A/G","?/?","?/?","A/A","A/G","A/A","G/G","A/A","A/A","A/A","G/G","A/G","A/A","A/A","G/G","A/G","?/?","G/G","G/G","A/G","G/G","A/G","A/G","A/A","A/A","A/G","A/A","A/A","G/G","A/A","?/?","?/?","A/G","A/A","A/G","A/A","A/G","A/A","A/G","G/G","G/G","G/G","A/A","A/G","A/A","A/A","A/A","A/G","A/A","A/A","A/A","G/G","A/A","G/G","A/A","A/G","?/?","A/G","A/A","A/G","A/G","A/G","A/G","A/A","A/A","A/A","A/G","A/G","A/A","A/A","A/G","A/G","A/A","A/A","A/A","A/G","A/G","A/A","A/A","A/A","A/A","G/G","A/G","A/A","A/A","A/A","A/A","A/A","A/A","A/A","A/A","A/G","A/G","A/G","A/G","A/A","A/G","A/A","A/A","A/A","A/A","A/A","A/A","G/G","G/G","A/A","A/A","A/A","A/A","A/A","G/G","G/G","G/G","A/A","A/A","A/A","A/A","A/A","A/A","A/A","G/G","G/G","A/A","A/A","A/A","A/A","A/A","A/A","A/A","A/A","A/A","A/A","A/A","A/A","A/A","A/A","?/?","A/A","A/A","A/A","A/A","A/A","A/A","G/G","G/G","G/G"
"81","PZB01228.4",6279,"7","15335577","","","PZB01228","AZM4_91444","AZM4_91444","candidate",8307,11685,0,0,0,"T/T","T/T","T/T","T/T","T/T","T/T","T/T","T/T","T/T","C/T","T/T","T/T","T/T","T/T","C/T","T/T","T/T","T/T","T/T","T/T","T/T","T/T","T/T","T/T","T/T","T/T","T/T","T/T","T/T","T/T","T/T","T/T","?/?","T/T","T/T","T/T","T/T","T/T","T/T","T/T","T/T","T/T","T/T","T/T","T/T","T/T","T/T","T/T","T/T","?/?","T/T","T/T","?/?","T/T","T/T","T/T","T/T","?/?","T/T","T/T","T/T","T/T","T/T","T/T","C/T","T/T","T/T","T/T","T/T","T/T","T/T","T/T","T/T","T/T","T/T","T/T","T/T","T/T","T/T","T/T","T/T","T/T","T/T","T/T","T/T","T/T","T/T","T/T","C/T","T/T","T/T","T/T","T/T","T/T","T/T","T/T","T/T","T/T","C/T","T/T","T/T","T/T","T/T","C/T","T/T","T/T","T/T","C/T","C/T","T/T","T/T","C/C","C/T","C/T","T/T","T/T","T/T","C/T","C/T","T/T","T/T","T/T","T/T","T/T","T/T","T/T","T/T","T/T","C/T","T/T","T/T","C/T","C/T","T/T","T/T","T/T","T/T","T/T","T/T","T/T","T/T","T/T","T/T","T/T","C/C","T/T","T/T","T/T","C/T","C/T","?/?","C/T","T/T","C/T","T/T","T/T","C/T","T/T","T/T","C/C","C/T","C/T","T/T","T/T","T/T","T/T","T/T","T/T","C/C","T/T","T/T","T/T","T/T","T/T","C/T","C/C","T/T","T/T","C/C","T/T","T/T","C/T","T/T","T/T","?/?","T/T","C/T","T/T","T/T","T/T","T/T","C/T","T/T","T/T","C/T","T/T","C/T","C/T","C/T","T/T","T/T","C/T","T/T","T/T","C/T","C/C","C/T","T/T","C/T","T/T","C/T","T/T","C/T","C/T","C/T","?/?","T/T","T/T","C/T","T/T","T/T","T/T","T/T","T/T","T/T","T/T","T/T","C/T","C/T","T/T","T/T","C/T","T/T","C/C","C/T","T/T","C/C","T/T","C/T","T/T","T/T","T/T","T/T","T/T","T/T","T/T","T/T","C/T","T/T","T/T","T/T","T/T","T/T","T/T","T/T","?/?","C/T","T/T","T/T","T/T","T/T","T/T","T/T","T/T","T/T","T/T","T/T","T/T","T/T","T/T","T/T","T/T","C/T","?/?","?/?","T/T","T/T","T/T","T/T","T/T","T/T","T/T","T/T","T/T","T/T","T/T","T/T","T/T","T/T","T/T","?/?","T/T","T/T","T/T","T/T","T/T","T/T","T/T","T/T","T/T","T/T","T/T","T/T","T/T","C/T","T/T","T/T","T/T","T/T","T/T","C/T","T/T","T/T","T/T","T/T","T/T","T/T","T/T","T/T","T/T","T/T","T/T","T/T","T/T","T/T","?/?","?/?","T/T","T/T","T/T","T/T","T/T","T/T","T/T","T/T","T/T","T/T","T/T","T/T","T/T","T/T","T/T","T/T","T/T","T/T","T/T","T/T","T/T","T/T","T/T","T/T","T/T","T/T","T/T","T/T","T/T","T/T","T/T","T/T","T/T","T/T","?/?","T/T","T/T","T/T","T/T","T/T","T/T","T/T","T/T","T/T","T/T","T/T","T/T","T/T","T/T","T/T","T/T","T/T","T/T","T/T","T/T","T/T","T/T","T/T","T/T","T/T","T/T","T/T","T/T","T/T","T/T","T/T","T/T","T/T","T/T","T/T","T/T","T/T","T/T","T/T","T/T","T/T","T/T","T/T","T/T","T/T","T/T","T/T","T/T","T/T","T/T","T/T","T/T","T/T","T/T","T/T","T/T","T/T","T/T","T/T","T/T","T/T","T/T","T/T","T/T","T/T","T/T","T/T","?/?","T/T","T/T","T/T","C/T","T/T","T/T","C/T","T/T","T/T","T/T","T/T","T/T","C/C","T/T","T/T","C/C","C/T","T/T","T/T","T/T","T/T","T/T","T/T","T/T","T/T","T/T","T/T","T/T","T/T","T/T","T/T","T/T","T/T","T/T","T/T","T/T","T/T","T/T","T/T","T/T","T/T","T/T","C/T","T/T","T/T","T/T","T/T","T/T","T/T","T/T","T/T","?/?","T/T","T/T","T/T","T/T","?/?","T/T","T/T","T/T","C/T","T/T","T/T","C/T","C/T","T/T","C/T","T/T","T/T","C/C","T/T","T/T","T/T","?/?","C/T","?/?","T/T","T/T","T/T","T/T","C/T","T/T","C/T","T/T","C/C","T/T","T/T","T/T","C/T","T/T","T/T","?/?","T/T","T/T","C/C","C/T","T/T","T/T","C/T","T/T","C/T","T/T","C/T","T/T","T/T","T/T","C/T","C/T","C/T","?/?","C/C","T/T","C/T","T/T","T/T","T/T","C/C","C/T","T/T","T/T","T/T","T/T","C/T","T/T","T/T","T/T","T/T","T/T","T/T","?/?","T/T","T/T","T/T","T/T","T/T","T/T","T/T","T/T","T/T","T/T","T/T","T/T","T/T","T/T","T/T","T/T","T/T","T/T","T/T","T/T","T/T","C/T","T/T","T/T","T/T","C/T","T/T","C/C","C/C","T/T","T/T","C/T","T/T","T/T","T/T","T/T","T/T","T/T","T/T","T/T","C/T","T/T","C/T","T/T","C/C","C/T","T/T","T/T","T/T","C/T","T/T","T/T","T/T","T/T","T/T","T/T","T/T","T/T","C/T","C/C","C/T","T/T","T/T","T/T","T/T","C/T","T/T","T/T","C/T","C/T","T/T","T/T","C/T","T/T","T/T","T/T","C/T","C/T","T/T","T/T","C/T","C/T","C/T","T/T","T/T","?/?","T/T","T/T","T/T","T/T","T/T","T/T","T/T","T/T","T/T","T/T","T/T","T/T","T/T","T/T","C/C","T/T","T/T","C/T","T/T","C/T","C/T","T/T","C/T","T/T","C/T","T/T","T/T","T/T","T/T","T/T","T/T","C/T","T/T","T/T","T/T","T/T","T/T","C/T","T/T","T/T","T/T","T/T","T/T","T/T","T/T","T/T","T/T","C/T","T/T","T/T","T/T","T/T","?/?","T/T","T/T","T/T","T/T","T/T","T/T","T/T","T/T","T/T","T/T","T/T","T/T","T/T","T/T","T/T","T/T","T/T","T/T","T/T","T/T","T/T","T/T","T/T","C/C","C/T","C/T","T/T","T/T","T/T","T/T","T/T","T/T","?/?","T/T","T/T","C/T","T/T","T/T","T/T","T/T","T/T","C/T","T/T","T/T","T/T","T/T","T/T","T/T","T/T","T/T","T/T","?/?","T/T","T/T","T/T","?/?","T/T","T/T","T/T","T/T","T/T","T/T","T/T","T/T","T/T","T/T","T/T","C/T","T/T","C/T","C/T","T/T","T/T","T/T","C/T","T/T","C/T","T/T","T/T","T/T","T/T","T/T","C/T","T/T","C/T","C/T","T/T","C/T","T/T","T/T","C/T","T/T","T/T","T/T","C/T","T/T","T/T","T/T","T/T","T/T","T/T","T/T","T/T","T/T","T/T","T/T","?/?","T/T","?/?","T/T","T/T","T/T","T/T","T/T","T/T","T/T","T/T","T/T","T/T","T/T","T/T","T/T","T/T","C/T","T/T","T/T","T/T","T/T","T/T","C/T","T/T","T/T","T/T","T/T","T/T","T/T","T/T","C/C","T/T","T/T","T/T","T/T","T/T","C/T","T/T","T/T","T/T","T/T","T/T","T/T","T/T","T/T","T/T","C/T","T/T","T/T","T/T","T/T","T/T","C/C","T/T","T/T","T/T","T/T","T/T","T/T","T/T","T/T","T/T","T/T","T/T","T/T","T/T","T/T","T/T","T/T","C/T","?/?","C/T","C/T","T/T","T/T","C/T","T/T","C/T","T/T","T/T","T/T","T/T","T/T","T/T","T/T","T/T","T/T","T/T","T/T","T/T","T/T","T/T","T/T","T/T","T/T","T/T","T/T","T/T","T/T","T/T","T/T","T/T","T/T","T/T","T/T","T/T","T/T","C/C","C/T","C/C","C/T","T/T","C/C","T/T","T/T","T/T","T/T","C/T","T/T","C/T","T/T","T/T","T/T","T/T","T/T","T/T","T/T","T/T","T/T","T/T","T/T","T/T","T/T","T/T","T/T","T/T","T/T","T/T","T/T","T/T","T/T","T/T","T/T","?/?","T/T","T/T","T/T","T/T","T/T","C/C","C/C","C/C","T/T","T/T","T/T","T/T","C/C","C/C","C/C","T/T","T/T","T/T","T/T","T/T","T/T","T/T","T/T","T/T","T/T"
"18","PZA00256.16",3778,"7","17397465","Approximate: position of another SNP from the same amplicon plus 50 bases","","PZA00256","AY108738","AY108738","random",7756,10703,1,1,1,"?/?","C/C","C/C","C/C","C/C","C/C","C/C","C/C","C/C","C/C","C/C","T/T","C/C","C/C","C/C","C/C","C/C","C/C","C/C","C/C","C/C","C/T","C/C","?/?","C/C","C/C","?/?","C/C","C/C","C/C","C/T","C/C","C/C","C/C","C/C","C/C","C/C","C/C","C/C","C/T","C/C","C/C","C/C","C/T","C/C","C/T","C/T","C/C","C/C","C/C","C/C","C/C","C/C","C/C","C/C","C/T","C/T","C/C","C/C","C/T","C/C","C/C","C/T","C/C","C/T","C/C","C/C","C/C","C/C","C/T","C/C","C/C","C/C","C/C","C/C","C/C","C/T","C/C","C/C","C/C","C/C","C/C","C/C","C/C","C/C","C/C","C/T","C/C","T/T","C/T","C/C","C/C","C/C","C/C","C/C","C/T","C/C","C/T","C/C","C/C","C/C","C/C","T/T","C/T","C/C","C/T","C/C","T/T","T/T","C/C","C/C","C/T","C/C","C/C","C/C","C/C","C/C","C/T","C/C","C/C","C/C","C/C","C/C","C/C","C/C","C/T","C/C","C/C","C/C","?/?","C/C","C/C","C/C","C/C","C/C","C/T","C/C","C/C","C/C","C/C","C/C","C/C","C/C","C/C","C/C","C/C","C/C","?/?","C/C","?/?","C/C","C/C","C/C","?/?","C/C","C/C","C/C","C/C","C/C","C/C","C/C","C/C","C/C","C/C","C/C","C/T","C/C","C/T","C/C","C/C","?/?","C/C","C/C","T/T","?/?","C/T","?/?","C/C","C/C","C/C","C/C","C/C","C/C","C/C","C/C","C/C","C/C","C/T","C/C","C/C","?/?","C/C","C/T","C/C","?/?","C/C","C/C","C/T","C/C","C/C","C/T","C/C","C/C","C/C","C/C","C/C","C/C","C/C","C/C","C/C","C/C","C/C","C/T","C/C","C/C","C/C","C/C","C/C","C/C","C/C","C/C","C/C","C/C","C/C","C/C","C/C","C/C","C/C","C/C","?/?","C/C","C/C","C/C","C/T","C/C","C/C","?/?","C/C","C/C","C/C","C/C","C/C","C/C","C/C","C/C","C/C","C/C","C/C","C/C","C/C","C/C","C/C","C/C","C/C","C/C","?/?","C/C","C/C","C/C","C/C","C/C","C/C","C/C","C/C","C/C","C/C","C/C","C/C","C/C","C/C","C/C","C/T","C/C","C/C","C/C","?/?","C/C","C/T","C/C","C/C","C/C","C/C","C/C","C/C","C/C","C/C","C/C","C/C","C/C","C/C","C/C","C/C","C/C","C/C","C/C","C/C","C/C","C/T","C/C","?/?","C/C","C/C","C/C","C/C","C/C","C/C","C/C","C/C","C/C","C/C","C/C","C/C","C/C","C/C","C/C","C/C","C/C","C/C","C/C","C/C","C/C","C/C","C/C","?/?","C/C","C/C","C/C","C/C","C/C","C/C","?/?","C/C","C/C","C/C","C/C","C/C","C/T","?/?","C/C","C/C","C/C","?/?","C/C","C/C","C/C","C/C","C/C","C/C","C/T","C/C","C/C","C/C","C/C","C/C","C/C","C/C","C/C","C/C","C/C","C/C","C/C","C/C","C/T","C/C","C/C","C/T","C/C","C/C","C/C","C/C","C/C","C/C","C/C","C/C","C/C","C/T","C/C","C/T","C/C","C/C","C/C","C/C","C/C","C/C","C/C","C/C","C/C","C/C","C/C","C/C","C/C","C/C","C/C","C/C","C/C","C/C","C/C","C/C","C/C","C/C","C/C","C/C","C/C","C/C","C/C","C/C","C/C","C/T","C/C","C/C","C/T","C/C","C/C","?/?","C/T","C/C","C/C","C/C","?/?","C/C","C/C","C/C","C/T","C/C","C/C","C/C","C/C","C/C","C/C","C/C","C/C","C/C","C/T","C/T","C/C","C/C","C/C","?/?","C/T","C/C","C/C","C/C","C/C","C/C","C/T","?/?","C/C","C/C","C/C","?/?","C/C","C/C","C/T","C/C","C/T","C/C","C/C","C/C","C/C","C/C","C/C","C/C","C/C","C/C","C/C","C/C","C/C","C/C","C/C","C/C","C/C","C/C","C/C","C/C","C/C","C/C","C/T","C/C","C/C","C/T","?/?","C/C","C/C","C/C","C/C","C/C","C/C","C/C","C/T","C/C","C/C","C/C","C/T","C/C","C/C","C/C","C/C","C/C","C/C","C/C","C/T","C/T","C/C","C/C","C/C","C/C","C/C","C/C","C/T","C/C","C/C","C/C","C/C","C/C","C/C","T/T","C/C","C/C","C/C","C/C","C/C","C/C","C/C","C/T","C/C","C/C","C/C","C/C","C/C","C/C","C/C","C/C","C/C","C/C","C/C","C/C","?/?","C/C","C/C","C/C","?/?","C/C","C/C","C/C","C/C","C/C","C/C","C/C","C/C","C/C","C/C","C/C","C/C","?/?","C/C","C/C","C/C","C/C","C/C","C/C","C/C","C/C","C/C","?/?","C/C","C/C","C/C","C/C","C/C","C/C","C/C","C/C","C/C","C/T","C/C","C/C","C/C","C/C","C/C","T/T","C/C","C/T","C/T","C/C","C/T","C/C","C/C","C/T","C/T","C/C","C/C","C/C","C/C","C/C","C/C","C/C","C/C","C/C","C/C","C/C","?/?","C/C","C/C","C/C","C/C","C/T","C/C","C/C","C/C","C/C","C/T","C/C","C/C","C/C","C/C","C/C","C/C","C/C","C/C","C/C","C/C","?/?","C/C","C/T","C/C","C/C","C/C","C/C","C/C","C/C","C/C","C/C","C/C","C/T","C/C","C/C","C/C","C/C","C/C","C/C","C/C","C/T","C/C","C/C","C/C","C/C","C/T","C/T","C/C","C/C","C/C","C/C","C/C","T/T","C/C","C/T","C/C","C/C","C/C","C/C","C/C","?/?","C/C","C/T","C/C","C/T","C/C","C/C","C/C","C/C","C/C","C/C","C/C","C/C","C/C","?/?","C/T","C/C","C/C","C/C","C/C","C/T","C/C","C/C","C/C","C/T","T/T","?/?","C/C","C/C","C/T","T/T","C/T","C/C","C/C","C/C","C/T","C/C","C/C","C/C","C/C","C/C","C/C","C/T","C/C","C/C","C/C","C/C","C/C","C/C","C/C","?/?","C/C","C/C","?/?","C/C","C/C","C/C","C/C","C/C","?/?","C/C","C/C","C/C","C/T","T/T","C/C","C/C","C/C","C/C","C/C","C/C","C/C","C/T","C/C","C/C","C/C","C/C","C/C","C/C","C/C","C/C","C/C","?/?","C/T","C/C","C/C","C/C","C/C","C/C","C/C","C/C","C/C","C/C","C/T","C/C","C/C","C/C","C/C","C/T","C/C","C/C","C/C","C/T","C/C","C/C","C/C","C/C","C/C","?/?","?/?","C/T","C/C","C/C","C/C","C/C","C/C","C/C","C/C","C/C","C/C","C/C","C/T","C/T","?/?","C/C","C/C","C/C","C/C","C/C","C/C","C/T","C/C","C/C","C/C","T/T","C/C","C/C","?/?","C/C","C/C","C/T","C/C","C/C","C/C","C/C","C/C","C/C","C/T","C/C","C/C","C/C","C/C","C/T","?/?","T/T","C/C","C/C","C/C","C/C","C/T","C/T","C/C","C/C","C/C","C/C","C/C","C/T","C/C","C/C","C/C","C/C","?/?","C/C","C/C","C/C","C/C","T/T","C/C","C/T","C/C","?/?","C/C","C/C","C/C","C/C","C/C","C/C","C/C","C/C","C/C","C/T","C/C","C/C","C/C","C/C","C/T","C/C","C/C","C/C","C/C","?/?","T/T","C/C","C/C","C/C","C/C","C/C","C/C","C/C","C/C","C/C","C/C","C/C","C/C","C/C","C/C","C/C","C/C","C/C","C/C","C/C","C/C","C/C","C/C","C/C","C/C","C/C","C/C","C/C","C/T","C/C","C/C","C/C","C/C","C/C","C/C","C/C","C/C","C/C","T/T","T/T","C/C","C/C","C/C","C/C","C/C","C/C","C/C","C/C","T/T","C/C","?/?","T/T","C/C","C/T","C/C","C/C","C/C","C/C","T/T","C/C","C/C","C/T","C/C","C/C","C/C","C/C","?/?","?/?","?/?","T/T","C/C","C/C","C/C","C/C","C/C","C/C","C/C","C/C","C/C","C/C","C/C","C/C","C/C","C/C","T/T","T/T","T/T","C/C","C/C","C/C","C/C","C/C","C/C","C/C","C/C","C/C","C/C","C/C","C/C","C/C","C/C","C/C","C/C","C/C","C/C","C/C","C/C","C/C","T/T","T/T","C/C","C/C","C/C"
"19","PZA00256.21",3779,"7","17397515","Approximate: position of another SNP from the same amplicon plus 100 bases","","PZA00256","AY108738","AY108738","random",7757,10704,0,0,0,"C/C","C/C","T/T","C/C","C/C","C/C","C/C","C/C","C/T","C/C","C/C","C/C","C/C","C/C","C/C","C/C","C/C","C/C","C/C","C/C","C/C","C/C","C/C","C/C","C/C","C/C","C/C","C/C","C/C","C/C","C/C","C/C","C/C","C/C","C/C","C/C","C/C","C/C","C/C","C/C","C/C","C/C","C/C","C/T","C/C","C/C","C/T","C/C","C/C","C/C","C/C","C/C","C/C","C/C","C/C","C/C","C/C","C/C","C/C","C/T","C/C","C/C","C/C","C/C","C/C","C/C","C/C","C/T","C/C","C/T","C/C","C/T","C/C","C/C","C/C","C/C","C/T","C/C","C/C","C/C","C/C","C/C","C/C","C/C","C/C","C/C","C/C","C/C","C/T","C/C","C/C","C/C","C/C","C/C","C/C","C/C","C/C","C/C","C/C","C/C","C/C","C/C","C/C","C/T","C/C","C/T","C/C","C/C","T/T","C/C","C/C","C/T","C/C","C/T","?/?","C/C","C/C","C/C","C/C","C/C","C/C","C/C","C/C","C/C","C/C","C/C","C/C","C/C","C/C","C/C","C/C","C/C","C/C","C/C","C/C","C/C","C/C","C/C","C/C","C/C","C/C","C/C","C/C","C/C","C/T","C/T","C/C","C/C","C/C","C/C","C/T","C/C","C/C","C/C","C/C","C/C","C/C","C/C","C/C","C/C","C/C","C/C","C/C","C/C","C/C","C/C","C/C","C/C","C/C","C/C","C/C","C/C","C/C","C/C","C/C","C/C","C/C","C/C","C/C","C/C","C/C","C/C","C/C","C/C","C/C","C/C","C/C","C/C","C/C","C/C","C/T","C/C","C/C","C/C","C/C","C/C","C/C","C/C","C/C","C/C","C/C","C/C","C/C","C/C","C/C","C/C","C/C","C/C","C/C","C/C","C/C","C/C","C/C","C/C","C/C","C/C","C/C","C/C","C/C","C/C","C/C","C/C","C/C","C/C","C/C","C/C","C/C","C/C","C/C","C/C","C/C","C/C","?/?","C/C","C/C","C/C","C/C","C/C","C/C","C/C","C/C","C/C","C/C","C/C","C/T","C/C","C/C","C/C","C/C","C/C","C/C","C/C","?/?","C/C","C/C","C/C","C/C","C/C","C/C","C/C","C/C","C/C","C/C","C/C","C/C","C/C","C/C","C/C","C/C","C/C","C/C","C/C","C/C","C/C","C/C","C/C","C/C","?/?","C/C","C/C","C/C","C/C","C/C","C/C","C/C","C/C","C/C","C/C","C/C","C/C","C/C","C/C","C/C","C/C","C/C","C/C","C/C","C/C","C/C","C/C","C/C","C/C","C/C","C/C","C/C","C/C","C/C","C/C","C/C","C/C","C/C","C/C","C/C","C/C","C/C","C/C","C/C","C/C","C/C","C/C","C/C","C/C","C/C","C/C","C/C","C/C","C/C","C/C","C/C","C/C","C/C","C/C","C/C","C/C","C/C","C/C","C/C","C/C","C/C","C/C","C/C","C/C","C/C","C/C","C/C","C/C","C/C","C/C","C/C","C/C","C/C","C/C","C/C","C/C","C/C","C/C","C/C","C/C","C/C","C/C","C/C","C/C","C/C","C/C","C/C","C/C","C/C","C/C","C/T","C/C","C/C","C/C","C/C","C/C","C/C","C/C","C/C","C/C","C/C","C/C","?/?","C/C","C/C","C/C","C/C","C/C","C/C","C/C","C/C","C/C","C/C","C/C","C/C","C/C","C/C","C/C","C/C","C/C","C/C","C/C","C/C","C/C","C/C","C/C","C/C","C/C","C/T","C/C","C/C","C/C","C/C","C/C","C/C","C/C","C/C","C/C","C/C","C/C","C/C","C/C","C/C","C/C","C/C","C/C","C/C","C/C","C/T","C/C","C/C","C/C","C/C","C/C","C/C","C/C","C/C","C/C","C/C","C/C","C/C","C/C","C/C","C/C","C/C","C/C","C/C","C/C","C/C","C/C","C/C","C/C","C/C","C/C","C/C","C/C","C/C","C/C","C/C","C/C","C/C","C/C","C/C","C/C","C/C","C/T","C/C","C/C","C/C","C/T","C/C","C/C","C/C","C/T","C/C","C/C","C/T","C/C","C/C","C/C","C/C","C/C","C/C","C/C","C/C","C/C","C/C","C/C","C/C","C/C","C/C","C/T","C/C","C/C","C/C","C/C","C/C","C/C","C/C","C/C","C/C","C/C","C/C","C/C","C/C","C/C","C/C","C/C","C/C","C/C","C/C","C/C","C/C","C/C","C/C","C/C","C/C","C/C","C/C","C/C","C/C","C/T","C/C","C/C","C/C","C/C","C/C","C/C","C/C","C/C","C/C","C/C","C/C","C/C","C/C","C/C","C/C","C/C","C/C","C/C","C/C","C/C","C/C","C/T","C/C","C/C","C/C","C/C","C/C","C/C","C/C","C/C","C/C","C/C","C/C","C/C","C/C","C/C","C/C","C/C","C/C","C/C","C/C","C/C","C/C","C/C","C/C","C/C","C/C","C/C","C/C","C/C","C/C","C/C","C/C","C/C","C/C","C/C","C/C","C/C","C/C","C/C","C/C","C/C","C/C","C/C","C/C","C/C","C/T","C/C","C/C","C/C","C/C","C/C","C/T","C/C","C/C","C/C","C/C","C/C","C/C","C/C","C/C","C/T","C/C","C/C","C/C","C/C","C/C","C/T","C/T","C/C","C/C","C/C","C/C","C/C","C/C","C/C","C/T","C/T","C/C","C/C","C/C","C/C","C/C","C/C","C/C","C/T","C/C","?/?","C/C","C/C","C/C","C/C","C/C","C/C","C/C","C/C","C/C","C/C","C/C","C/C","C/C","C/C","C/T","C/C","C/C","C/C","C/C","C/C","C/T","C/T","C/C","C/C","C/C","C/C","C/C","C/T","C/T","C/C","C/C","C/C","C/C","C/C","?/?","C/C","C/C","C/T","C/C","C/C","C/C","C/C","C/C","C/C","C/C","C/C","C/C","C/C","C/C","C/C","C/T","C/C","C/T","C/C","C/C","C/C","C/T","C/C","C/C","C/C","C/T","C/C","C/C","C/C","C/C","C/C","C/C","C/C","C/C","C/T","C/C","C/C","C/C","C/C","C/C","C/C","C/C","C/C","C/C","C/C","C/C","C/C","C/C","C/C","C/C","C/C","C/C","C/C","C/C","C/C","C/C","C/C","C/C","C/C","C/C","C/C","C/C","C/C","C/C","C/C","C/C","C/C","C/C","C/C","C/C","C/C","C/C","C/C","C/C","C/T","C/C","C/C","C/C","C/C","C/C","C/C","C/C","C/C","C/C","C/C","C/C","C/C","C/C","C/C","C/C","C/C","C/C","C/T","C/C","C/C","C/C","C/C","C/C","C/C","C/C","C/C","C/C","C/C","C/C","C/C","C/C","C/C","?/?","C/C","C/C","C/C","C/C","C/C","C/C","C/T","C/C","C/C","C/C","C/C","C/C","C/C","C/C","C/C","C/T","C/C","C/C","C/C","C/C","C/C","C/C","C/C","C/C","C/C","C/C","C/C","C/C","C/C","C/C","C/C","C/C","C/C","C/C","C/C","C/T","C/C","C/C","C/C","C/C","C/C","C/C","C/C","C/C","C/C","C/C","C/C","?/?","C/T","C/C","C/C","C/C","C/C","C/C","C/C","C/C","C/C","C/C","C/C","C/C","C/C","C/C","C/C","C/C","C/C","C/C","?/?","C/C","C/C","C/C","C/C","C/C","C/C","C/C","C/C","C/C","C/C","C/C","C/C","C/C","C/C","C/C","C/C","C/C","C/C","C/C","C/C","C/C","C/C","C/C","C/C","C/C","C/C","C/C","C/C","C/C","C/C","C/C","C/C","C/C","C/C","C/C","C/C","C/C","C/C","C/C","C/C","C/C","C/C","C/C","C/C","C/C","C/C","C/C","C/C","C/C","C/C","C/C","C/C","C/C","C/C","C/C","C/C","C/T","C/C","C/C","C/C","C/C","C/C","C/C","C/C","C/T","C/C","C/C","C/C","C/C","C/C","C/C","T/T","C/C","C/C","C/C","C/C","C/C","C/C","C/C","C/C","C/C","C/C","C/C","C/C","C/C","C/C","C/C","C/C","C/C","C/C","C/C","C/C","C/C","C/C","C/C","C/C","C/C","C/C","C/C","C/C","C/C","C/C","C/C","C/C","T/T","T/T","C/C","C/C","C/C","C/C","C/C","C/C","C/C","C/C","C/C","C/C","C/C","?/?","C/C","C/C","C/C","C/C","C/C","C/C","C/C","C/C","C/C","C/T","T/T","T/T","C/C","C/C","C/C","C/C","C/C","C/C","C/C"
"20","PZA00256.23",6016,"7","17397615","Approximate: position of another SNP from the same amplicon plus 200 bases","","PZA00256","AY108738","AY108738","random",7758,10705,0,0,0,"C/C","C/C","C/C","C/T","C/C","C/C","?/?","C/C","C/C","C/C","C/C","C/C","C/C","C/C","C/T","C/C","C/C","C/C","C/C","C/T","C/C","C/C","C/T","C/T","C/C","C/T","T/T","C/T","T/T","C/C","C/C","C/C","C/T","C/T","C/T","C/C","C/C","C/T","C/C","C/C","C/C","C/C","C/T","C/C","C/C","C/C","C/C","C/C","C/C","C/C","C/C","C/T","C/C","C/C","C/C","C/C","C/C","C/C","C/C","?/?","C/C","C/C","C/C","C/T","C/C","C/T","C/C","C/C","C/C","C/C","C/C","C/C","C/C","C/T","C/C","C/C","C/C","C/C","C/C","C/C","C/C","C/C","C/C","C/C","C/T","C/C","C/C","C/C","C/C","C/C","C/C","C/C","C/C","C/C","C/C","C/C","C/C","C/C","C/C","C/C","C/C","?/?","C/C","C/C","C/C","C/T","C/C","C/C","C/C","C/C","C/C","C/C","C/C","C/C","C/C","C/C","C/C","C/C","C/C","C/C","C/C","C/C","C/C","C/C","C/C","C/C","C/T","C/C","C/C","C/C","C/T","C/C","C/C","C/T","C/C","C/C","C/C","C/C","C/C","C/C","C/C","C/C","C/T","C/C","C/C","C/C","C/C","C/C","C/C","C/C","C/C","C/C","C/C","C/C","C/C","C/C","C/C","C/C","C/C","C/C","C/C","C/C","C/C","C/T","C/C","C/C","C/C","C/C","C/C","C/C","T/T","C/C","C/C","C/C","C/C","C/C","C/C","C/C","C/C","C/C","C/C","C/C","C/C","C/C","C/C","C/C","C/T","C/T","C/C","C/C","C/C","C/C","C/C","C/C","C/C","C/T","C/C","C/C","C/C","C/C","C/C","C/T","C/C","C/C","C/C","C/T","C/C","C/C","C/T","C/C","C/T","C/C","C/C","C/T","T/T","C/C","C/C","C/C","C/C","C/C","C/C","C/C","C/C","C/C","C/C","C/C","C/C","C/C","C/C","C/C","C/C","C/C","C/T","C/C","C/C","C/C","C/C","C/C","C/C","C/C","C/C","C/C","C/C","C/C","C/C","C/C","C/C","C/C","C/C","C/C","C/C","C/C","C/C","C/C","C/C","C/C","C/C","C/C","C/C","C/C","C/C","C/C","C/C","C/C","C/C","C/C","C/C","C/C","C/C","C/C","C/C","C/C","C/C","C/C","C/C","C/C","C/C","C/C","C/C","C/C","C/C","C/C","C/C","C/C","C/C","C/C","C/C","C/C","C/C","C/C","C/C","C/C","C/C","C/C","C/C","C/C","C/C","C/C","C/C","C/C","C/C","C/C","C/C","C/C","C/C","C/C","C/C","C/C","C/C","C/C","C/C","C/C","C/C","C/C","C/T","C/C","C/C","T/T","C/C","C/C","C/C","C/C","C/C","C/C","C/C","C/C","C/C","C/C","C/T","C/C","C/C","C/T","T/T","C/C","C/T","C/T","C/T","C/C","C/T","C/C","C/C","C/C","C/C","C/T","C/C","C/T","C/C","C/T","C/T","C/C","C/C","C/C","C/C","C/T","C/C","?/?","C/C","C/C","C/C","C/C","C/C","C/C","C/C","C/C","C/C","C/C","C/C","C/C","C/C","C/C","C/C","C/C","C/C","C/C","C/C","C/C","C/C","C/C","C/C","C/C","C/C","C/C","C/C","C/C","C/C","C/C","C/C","C/C","C/C","C/C","C/T","C/C","C/C","C/C","C/C","C/C","C/C","C/C","C/C","C/C","C/C","C/C","C/C","C/T","C/C","C/T","C/C","C/C","C/C","C/T","C/C","C/T","C/T","C/T","C/C","C/C","C/C","C/C","C/C","C/C","C/C","C/C","C/C","C/C","C/T","C/C","C/C","C/C","C/C","C/C","C/C","C/C","C/C","C/C","C/T","C/C","C/C","C/C","C/C","C/C","C/T","C/C","C/C","C/C","C/C","C/C","C/C","C/C","C/T","C/T","C/C","C/C","C/C","C/T","C/C","C/C","C/C","C/C","C/C","C/C","C/C","C/C","C/T","C/C","C/C","C/C","C/C","C/C","C/C","C/C","C/C","C/C","C/C","C/C","C/C","C/C","C/C","C/C","C/C","C/C","C/C","C/C","C/C","C/C","C/T","C/C","C/C","C/C","C/C","C/C","C/C","C/C","C/C","C/C","C/C","C/C","C/C","C/C","C/C","C/C","C/T","C/T","C/C","C/C","C/C","C/C","C/C","C/C","C/T","C/T","C/C","C/T","C/C","C/C","C/C","C/T","C/C","C/C","C/C","C/C","C/C","C/C","C/T","C/C","C/C","C/C","C/C","C/C","C/C","C/T","C/C","?/?","C/C","C/C","C/C","C/C","C/C","C/C","C/C","C/C","C/C","C/C","C/C","C/C","C/C","C/C","C/C","C/C","C/C","C/C","C/T","C/T","C/C","C/C","C/C","C/C","C/C","C/C","C/C","C/C","C/C","C/C","C/C","C/C","C/C","C/C","C/C","C/C","C/C","C/C","C/C","C/C","C/C","C/C","C/C","C/C","C/C","C/C","C/C","C/C","C/T","C/C","C/C","C/C","C/T","C/C","C/T","C/C","C/C","C/C","C/T","C/T","C/C","C/C","C/C","C/C","C/C","C/C","C/C","C/C","C/C","C/C","C/C","C/C","C/T","C/C","C/C","C/C","C/C","C/C","C/C","C/C","C/C","C/C","C/C","C/C","C/C","C/C","C/T","C/C","C/C","C/C","C/T","C/C","C/T","C/C","C/C","C/T","C/C","C/C","C/C","C/C","C/C","C/T","C/T","C/C","C/C","C/C","C/C","C/C","C/C","C/C","C/C","C/C","C/C","C/C","C/C","C/C","C/C","C/C","C/T","T/T","C/C","C/C","C/T","C/C","C/T","C/T","C/C","C/C","C/C","C/C","C/T","C/C","C/C","C/T","C/C","C/T","C/T","C/T","C/T","C/C","C/C","C/C","C/C","C/C","C/C","C/C","C/C","C/T","C/C","C/C","C/C","C/T","C/C","C/C","C/C","C/C","C/C","C/C","C/C","C/C","C/C","C/C","C/T","C/C","C/C","C/C","C/C","C/C","C/C","C/C","C/C","C/C","T/T","C/T","C/C","C/C","C/T","C/T","C/C","C/C","T/T","C/C","C/C","T/T","C/T","C/C","C/T","C/T","C/C","C/C","C/C","C/C","C/C","C/C","C/C","C/C","T/T","C/T","C/C","C/C","C/T","C/C","C/C","C/C","C/C","C/C","T/T","C/C","C/C","C/C","C/C","C/C","C/C","C/C","C/T","C/C","C/C","C/C","C/C","C/C","C/C","C/C","C/C","C/C","T/T","C/C","C/C","C/C","C/C","C/C","C/C","C/C","C/C","C/C","C/C","C/C","C/C","C/C","C/C","C/C","C/T","C/C","C/T","C/C","C/C","C/C","C/C","C/C","C/T","C/C","C/C","C/C","C/C","C/C","C/C","C/C","C/C","C/C","C/T","C/T","C/C","C/T","C/C","C/C","C/C","C/C","C/C","C/T","C/T","C/C","C/C","C/C","C/C","C/T","C/C","C/T","C/C","C/C","C/T","C/C","C/T","C/C","?/?","C/C","C/C","C/T","C/C","C/C","C/C","C/C","C/C","C/C","C/C","C/C","C/C","C/C","C/C","C/C","C/C","C/C","C/C","C/C","C/C","C/C","C/C","C/C","C/C","C/C","C/C","C/C","C/C","C/C","C/C","C/C","C/C","C/C","C/C","C/C","C/C","C/C","C/C","C/C","C/C","C/C","C/C","C/C","C/C","C/C","C/C","C/C","C/C","C/C","C/C","C/C","C/T","C/C","C/C","C/T","C/C","C/C","C/C","C/T","C/C","C/T","C/T","C/C","C/C","C/T","T/T","C/C","T/T","C/C","C/T","C/T","C/T","C/C","C/T","C/T","C/C","C/T","C/C","C/C","C/C","C/T","C/T","C/C","C/C","C/T","C/C","C/C","C/C","C/C","C/C","C/C","C/C","C/C","C/C","C/C","C/C","C/C","C/C","C/C","C/C","C/C","C/T","C/T","C/C","C/C","C/C","C/C","C/C","C/T","C/C","C/C","C/C","C/C","C/C","C/C","C/C","C/C","C/C","C/C","C/C","C/C","C/C","C/C","C/C","T/T","T/T","T/T","C/C","C/C","C/C","C/C","C/C","C/C","C/C","C/C","C/C","C/C","C/C","C/C","C/C","C/C","C/C","C/C","C/C","?/?","C/C","C/C","C/C","C/C","C/C","?/?","C/C","C/C","C/C","C/C","C/C","C/C","C/C","C/C","C/C"
"42","PZA00534.2",4007,"7","21624035","","","PZA00534","AY112566","AY112566","random",7882,10954,1,1,1,"A/G","G/G","G/G","G/G","?/?","A/G","A/G","G/G","G/G","A/A","A/G","A/G","A/A","A/G","?/?","G/G","A/G","G/G","A/G","A/G","?/?","A/G","G/G","G/G","A/A","?/?","G/G","A/G","G/G","A/A","G/G","A/G","A/G","A/G","A/G","A/G","A/G","A/G","?/?","A/G","A/G","?/?","A/G","A/G","A/A","A/A","A/A","A/A","A/A","G/G","G/G","G/G","A/G","A/A","A/G","A/A","G/G","A/G","A/G","A/A","A/G","A/G","G/G","A/G","A/G","A/G","A/G","G/G","A/G","G/G","A/G","A/G","G/G","G/G","G/G","G/G","G/G","G/G","G/G","A/G","A/G","?/?","A/G","A/A","G/G","A/G","A/G","A/G","G/G","G/G","A/G","A/G","?/?","A/G","A/G","G/G","G/G","A/G","G/G","A/G","A/G","G/G","A/G","?/?","A/A","G/G","A/G","A/G","A/G","G/G","G/G","A/A","G/G","G/G","G/G","G/G","?/?","A/G","?/?","G/G","A/G","?/?","A/A","A/G","A/G","G/G","A/G","G/G","A/G","A/A","A/G","A/G","G/G","A/G","G/G","?/?","G/G","G/G","G/G","G/G","A/G","G/G","A/G","A/G","A/G","A/A","A/G","G/G","A/A","A/G","A/G","A/G","A/A","A/A","G/G","G/G","A/G","A/G","?/?","G/G","A/G","G/G","G/G","G/G","A/G","G/G","A/G","G/G","A/G","A/A","A/G","G/G","A/A","G/G","A/A","G/G","A/A","A/G","A/G","?/?","A/G","G/G","G/G","G/G","G/G","G/G","G/G","G/G","A/G","A/G","A/G","A/G","A/G","G/G","G/G","G/G","A/A","A/G","G/G","G/G","G/G","G/G","G/G","A/A","?/?","?/?","G/G","G/G","G/G","A/G","G/G","A/G","G/G","A/G","G/G","G/G","?/?","A/G","A/G","G/G","G/G","A/G","G/G","G/G","A/A","G/G","G/G","A/A","A/A","G/G","G/G","A/G","G/G","?/?","A/G","A/G","A/G","A/G","A/A","A/G","A/A","G/G","G/G","A/G","?/?","G/G","A/G","G/G","?/?","A/G","G/G","G/G","G/G","A/G","G/G","G/G","G/G","A/G","G/G","A/G","G/G","A/G","A/G","A/G","?/?","G/G","G/G","G/G","G/G","A/G","G/G","?/?","G/G","G/G","G/G","G/G","A/G","?/?","G/G","G/G","A/G","A/G","G/G","G/G","G/G","G/G","A/G","G/G","A/G","A/G","A/A","A/G","A/A","G/G","A/G","?/?","A/A","G/G","A/G","G/G","G/G","G/G","G/G","A/G","G/G","A/A","G/G","G/G","G/G","G/G","A/G","A/A","G/G","A/G","A/G","G/G","G/G","G/G","A/G","A/G","A/A","G/G","A/G","G/G","A/A","G/G","G/G","A/G","A/G","A/G","G/G","G/G","G/G","G/G","G/G","G/G","G/G","G/G","G/G","G/G","G/G","G/G","G/G","G/G","G/G","G/G","G/G","A/G","G/G","G/G","G/G","G/G","G/G","G/G","G/G","G/G","G/G","G/G","?/?","G/G","G/G","G/G","A/A","A/G","A/G","A/A","G/G","G/G","G/G","G/G","G/G","G/G","G/G","G/G","G/G","A/G","G/G","G/G","G/G","G/G","G/G","G/G","A/G","G/G","A/G","G/G","G/G","A/G","?/?","G/G","G/G","G/G","G/G","G/G","G/G","G/G","A/G","A/A","A/G","G/G","G/G","A/G","A/G","A/G","G/G","G/G","A/G","G/G","A/G","A/G","G/G","A/G","A/G","?/?","A/G","A/A","G/G","G/G","G/G","G/G","G/G","A/G","G/G","A/G","G/G","G/G","G/G","A/A","A/A","A/G","G/G","G/G","G/G","A/G","A/A","?/?","G/G","G/G","A/G","G/G","G/G","G/G","G/G","G/G","G/G","G/G","G/G","G/G","G/G","G/G","A/G","G/G","A/G","G/G","G/G","G/G","A/G","G/G","A/G","A/G","G/G","G/G","A/G","A/G","G/G","A/G","A/G","G/G","G/G","G/G","A/A","A/G","G/G","G/G","G/G","G/G","A/G","A/G","G/G","A/G","A/G","G/G","G/G","A/G","A/G","A/G","G/G","?/?","G/G","G/G","G/G","A/G","?/?","G/G","A/G","A/G","G/G","G/G","?/?","G/G","G/G","G/G","G/G","A/A","A/G","A/G","A/G","G/G","A/A","G/G","A/G","G/G","G/G","G/G","A/G","?/?","G/G","?/?","G/G","G/G","G/G","A/G","G/G","A/G","A/A","A/G","G/G","G/G","G/G","A/G","A/G","A/G","A/G","A/G","G/G","G/G","G/G","A/G","G/G","G/G","G/G","G/G","G/G","A/G","G/G","G/G","G/G","G/G","G/G","G/G","?/?","A/A","G/G","G/G","G/G","G/G","G/G","G/G","G/G","G/G","G/G","G/G","?/?","G/G","G/G","G/G","A/G","A/G","G/G","G/G","G/G","G/G","A/G","G/G","G/G","G/G","G/G","G/G","G/G","G/G","A/A","G/G","A/G","A/G","A/G","G/G","A/G","A/A","?/?","?/?","A/G","?/?","G/G","?/?","G/G","A/G","G/G","A/G","G/G","G/G","G/G","A/G","G/G","G/G","G/G","A/G","G/G","G/G","G/G","G/G","G/G","G/G","A/G","G/G","G/G","G/G","G/G","?/?","A/G","A/G","A/G","G/G","G/G","G/G","G/G","G/G","A/G","G/G","A/G","G/G","G/G","G/G","G/G","G/G","G/G","A/G","A/G","G/G","A/G","A/G","G/G","G/G","G/G","G/G","A/G","G/G","G/G","A/G","G/G","A/G","G/G","G/G","A/G","G/G","G/G","G/G","A/A","G/G","A/G","G/G","A/G","G/G","A/G","A/G","G/G","G/G","A/G","G/G","G/G","A/G","G/G","A/G","G/G","G/G","G/G","?/?","G/G","A/A","A/G","G/G","A/A","G/G","G/G","A/G","G/G","A/G","G/G","A/A","G/G","G/G","G/G","A/G","G/G","G/G","?/?","G/G","A/G","?/?","G/G","A/G","G/G","G/G","A/A","A/G","G/G","G/G","A/G","A/A","G/G","G/G","G/G","?/?","G/G","G/G","A/G","G/G","G/G","A/A","G/G","G/G","G/G","G/G","A/G","G/G","G/G","A/G","G/G","A/G","G/G","G/G","?/?","A/G","G/G","G/G","G/G","G/G","A/G","A/G","G/G","A/G","A/G","A/G","G/G","A/G","A/G","G/G","A/G","G/G","G/G","G/G","G/G","A/G","A/A","A/G","G/G","G/G","G/G","A/G","A/G","A/G","G/G","G/G","G/G","G/G","A/A","A/G","A/G","G/G","A/G","A/G","G/G","G/G","A/G","A/G","A/G","A/G","G/G","G/G","G/G","G/G","G/G","A/G","A/G","G/G","A/G","G/G","A/A","G/G","A/G","A/G","G/G","G/G","G/G","A/G","G/G","G/G","?/?","A/G","A/G","G/G","A/G","G/G","A/G","A/G","A/A","?/?","G/G","G/G","?/?","A/G","A/A","A/G","A/G","A/G","G/G","A/G","G/G","A/G","G/G","G/G","A/G","G/G","G/G","G/G","A/G","A/G","?/?","G/G","A/G","A/A","A/G","A/A","?/?","A/G","A/G","G/G","A/A","G/G","G/G","A/G","?/?","A/G","A/G","?/?","A/G","?/?","G/G","A/G","A/A","G/G","G/G","G/G","A/G","G/G","A/G","?/?","G/G","?/?","A/G","G/G","A/G","A/G","G/G","G/G","G/G","G/G","G/G","G/G","G/G","G/G","G/G","G/G","G/G","A/G","A/A","G/G","G/G","G/G","A/G","G/G","G/G","A/A","G/G","A/G","G/G","G/G","G/G","G/G","G/G","G/G","G/G","G/G","A/A","A/A","G/G","G/G","A/G","G/G","G/G","G/G","A/A","A/A","G/G","G/G","G/G","G/G","G/G","G/G","A/G","G/G","G/G","G/G","?/?","A/A","A/A","A/A","A/A","A/G","A/G","A/G","A/A","A/A","A/A","?/?","A/G","?/?","G/G","G/G","G/G","G/G","G/G","G/G","A/A","A/A","A/A","A/A","A/A","A/G","A/G","?/?","A/A","A/A","G/G","G/G","G/G","A/G","G/G","G/G","G/G","A/A","A/A","G/G","G/G","G/G","G/G","G/G","G/G","G/G","G/G","?/?","G/G","G/G","G/G","G/G","G/G","?/?","A/A","A/A","G/G","G/G","A/A","A/A","A/A","A/A","A/A"
"60","PZA03344.4",5896,"7","22002548","","","PZA03344","ath-miR172","ath-miR172","candidate",8145,11387,1,1,1,"T/T","T/T","T/T","C/T","C/T","C/T","T/T","T/T","T/T","T/T","T/T","T/T","T/T","T/T","T/T","C/T","T/T","T/T","T/T","T/T","T/T","T/T","T/T","T/T","T/T","T/T","T/T","T/T","T/T","T/T","T/T","T/T","T/T","T/T","T/T","T/T","T/T","T/T","T/T","T/T","C/T","C/T","C/T","T/T","C/C","T/T","T/T","T/T","T/T","T/T","C/T","C/T","T/T","T/T","C/T","T/T","T/T","T/T","T/T","T/T","T/T","?/?","T/T","T/T","T/T","C/T","T/T","T/T","T/T","T/T","C/T","C/C","T/T","C/C","T/T","T/T","C/T","C/T","T/T","C/T","C/T","T/T","C/T","T/T","T/T","?/?","C/T","C/T","T/T","T/T","T/T","T/T","T/T","C/T","T/T","T/T","C/T","T/T","T/T","C/T","C/T","C/T","T/T","C/T","T/T","T/T","T/T","T/T","C/T","T/T","C/C","C/T","C/T","T/T","T/T","?/?","C/T","C/T","C/T","C/C","T/T","T/T","T/T","C/T","T/T","T/T","C/T","T/T","T/T","C/T","C/C","T/T","C/C","C/T","C/T","T/T","T/T","T/T","T/T","T/T","C/T","T/T","C/T","T/T","T/T","C/T","T/T","T/T","T/T","C/T","T/T","C/T","C/T","C/T","?/?","T/T","T/T","T/T","T/T","T/T","T/T","T/T","C/T","T/T","C/T","T/T","T/T","T/T","C/T","T/T","C/T","T/T","C/T","C/C","T/T","T/T","T/T","T/T","T/T","T/T","C/T","C/T","C/T","C/T","T/T","C/T","T/T","T/T","T/T","T/T","T/T","T/T","C/C","T/T","T/T","T/T","T/T","?/?","T/T","T/T","C/T","T/T","T/T","C/T","C/T","T/T","?/?","T/T","T/T","T/T","T/T","T/T","C/T","T/T","T/T","C/T","T/T","T/T","T/T","T/T","T/T","T/T","T/T","T/T","T/T","?/?","T/T","C/T","T/T","T/T","T/T","T/T","C/T","T/T","C/T","C/T","T/T","T/T","T/T","T/T","C/T","T/T","T/T","T/T","T/T","T/T","?/?","T/T","T/T","T/T","C/T","T/T","T/T","T/T","T/T","T/T","T/T","T/T","T/T","T/T","T/T","T/T","T/T","C/T","T/T","T/T","T/T","C/T","C/T","T/T","T/T","T/T","T/T","T/T","C/T","C/T","T/T","T/T","T/T","C/T","T/T","T/T","T/T","T/T","C/T","T/T","T/T","T/T","T/T","T/T","T/T","T/T","T/T","T/T","T/T","T/T","T/T","T/T","T/T","T/T","T/T","T/T","T/T","T/T","?/?","T/T","T/T","T/T","T/T","T/T","T/T","T/T","T/T","T/T","T/T","T/T","T/T","C/C","T/T","T/T","T/T","T/T","T/T","T/T","T/T","T/T","T/T","T/T","T/T","T/T","C/T","T/T","T/T","T/T","T/T","T/T","T/T","T/T","T/T","T/T","T/T","T/T","T/T","T/T","T/T","T/T","T/T","T/T","T/T","T/T","T/T","T/T","T/T","T/T","T/T","T/T","T/T","C/T","T/T","T/T","T/T","T/T","T/T","T/T","T/T","T/T","T/T","T/T","T/T","T/T","T/T","T/T","T/T","T/T","T/T","T/T","T/T","T/T","T/T","C/T","T/T","T/T","T/T","T/T","T/T","T/T","T/T","T/T","T/T","T/T","T/T","T/T","T/T","?/?","T/T","T/T","T/T","T/T","T/T","T/T","T/T","T/T","T/T","T/T","T/T","T/T","T/T","T/T","T/T","T/T","T/T","T/T","T/T","T/T","T/T","T/T","C/T","T/T","C/T","T/T","T/T","T/T","T/T","C/T","C/T","T/T","T/T","T/T","T/T","C/T","T/T","T/T","T/T","C/T","T/T","T/T","T/T","T/T","C/T","T/T","T/T","T/T","T/T","C/T","T/T","T/T","T/T","T/T","C/T","C/T","C/T","C/T","C/C","T/T","C/T","T/T","T/T","T/T","T/T","T/T","C/T","T/T","T/T","T/T","C/T","C/T","T/T","T/T","T/T","T/T","T/T","T/T","T/T","T/T","T/T","T/T","T/T","T/T","T/T","T/T","T/T","T/T","T/T","T/T","T/T","T/T","T/T","T/T","T/T","C/T","T/T","T/T","T/T","T/T","T/T","C/T","T/T","T/T","T/T","C/T","T/T","T/T","T/T","T/T","T/T","T/T","T/T","T/T","T/T","T/T","T/T","T/T","T/T","T/T","T/T","T/T","T/T","T/T","T/T","T/T","T/T","T/T","T/T","T/T","T/T","T/T","T/T","T/T","T/T","C/T","T/T","T/T","T/T","T/T","?/?","T/T","?/?","T/T","T/T","T/T","T/T","T/T","C/T","C/T","T/T","T/T","T/T","?/?","T/T","?/?","T/T","T/T","T/T","C/T","?/?","?/?","T/T","T/T","T/T","T/T","T/T","T/T","T/T","T/T","T/T","?/?","T/T","T/T","T/T","T/T","T/T","T/T","T/T","C/T","C/T","T/T","T/T","T/T","T/T","T/T","C/T","C/T","T/T","T/T","T/T","T/T","C/T","T/T","T/T","C/C","C/T","T/T","C/T","C/T","C/T","C/T","C/T","C/T","T/T","T/T","T/T","C/T","C/C","C/C","T/T","C/T","T/T","C/T","C/C","T/T","C/T","C/T","T/T","C/T","T/T","T/T","C/T","T/T","C/T","T/T","C/T","T/T","C/T","T/T","C/T","T/T","T/T","T/T","C/T","C/T","?/?","T/T","T/T","T/T","C/T","T/T","C/T","T/T","C/T","C/T","T/T","T/T","C/T","?/?","T/T","T/T","T/T","T/T","T/T","?/?","C/T","T/T","?/?","T/T","C/T","?/?","C/T","C/T","T/T","T/T","T/T","T/T","T/T","T/T","T/T","T/T","C/T","T/T","T/T","C/T","C/T","C/T","T/T","T/T","T/T","T/T","T/T","T/T","T/T","C/T","T/T","T/T","T/T","T/T","C/T","T/T","C/T","T/T","T/T","T/T","T/T","C/T","T/T","T/T","T/T","C/T","T/T","C/T","C/T","T/T","T/T","T/T","T/T","T/T","T/T","T/T","C/C","T/T","T/T","T/T","T/T","T/T","T/T","T/T","T/T","T/T","T/T","T/T","T/T","T/T","T/T","C/T","T/T","C/T","C/T","T/T","T/T","C/T","T/T","T/T","T/T","T/T","C/T","T/T","T/T","T/T","T/T","T/T","T/T","C/T","C/T","T/T","T/T","C/T","T/T","T/T","C/T","C/T","?/?","?/?","C/T","T/T","T/T","T/T","T/T","T/T","C/C","T/T","?/?","T/T","T/T","C/C","T/T","T/T","C/C","C/T","?/?","T/T","C/T","C/T","T/T","C/C","T/T","C/T","C/T","T/T","C/T","C/C","T/T","C/T","T/T","T/T","T/T","T/T","T/T","T/T","T/T","T/T","T/T","T/T","C/T","T/T","T/T","T/T","T/T","T/T","T/T","T/T","T/T","T/T","T/T","T/T","T/T","T/T","T/T","T/T","T/T","T/T","T/T","T/T","T/T","T/T","T/T","C/T","T/T","T/T","T/T","T/T","T/T","T/T","T/T","T/T","T/T","T/T","T/T","T/T","T/T","T/T","?/?","T/T","T/T","T/T","T/T","T/T","T/T","C/T","T/T","T/T","T/T","T/T","T/T","T/T","C/T","T/T","T/T","T/T","T/T","T/T","T/T","T/T","T/T","C/T","C/T","T/T","T/T","C/C","T/T","?/?","T/T","T/T","T/T","T/T","?/?","T/T","T/T","T/T","T/T","T/T","T/T","T/T","T/T","T/T","T/T","T/T","T/T","T/T","T/T","T/T","T/T","T/T","T/T","C/T","T/T","T/T","T/T","T/T","T/T","C/T","T/T","T/T","T/T","T/T","T/T","T/T","T/T","C/T","T/T","T/T","?/?","T/T","T/T","T/T","T/T","T/T","T/T","T/T","T/T","T/T","T/T","T/T","C/T","C/T","T/T","T/T","T/T","T/T","T/T","C/T","T/T","T/T","T/T","T/T","T/T","T/T","T/T","T/T","T/T","T/T","T/T","T/T","T/T","T/T","T/T","T/T","T/T","T/T","T/T","T/T","T/T","T/T","T/T","T/T","T/T","T/T","T/T","T/T","T/T","T/T","T/T","T/T","T/T","T/T","T/T","T/T","T/T","T/T","T/T","T/T","T/T","T/T","T/T","T/T","T/T","T/T","T/T","T/T","T/T","T/T","T/T","T/T","T/T","T/T","T/T","T/T","T/T"
"62","PZA03344.6",6670,"7","22002625","","","PZA03344","ath-miR172","ath-miR172","candidate",8147,11389,0,0,0,"C/C","C/C","C/C","C/C","A/C","C/C","C/C","C/C","C/C","C/C","C/C","C/C","C/C","C/C","C/C","C/C","C/C","C/C","A/C","C/C","C/C","C/C","C/C","C/C","A/C","C/C","C/C","C/C","C/C","?/?","C/C","C/C","C/C","C/C","A/C","A/C","C/C","C/C","C/C","C/C","C/C","A/A","C/C","C/C","C/C","A/C","C/C","A/A","A/A","C/C","C/C","A/C","C/C","A/C","C/C","C/C","C/C","?/?","A/C","A/C","C/C","A/C","C/C","C/C","C/C","C/C","C/C","A/C","C/C","C/C","C/C","C/C","C/C","C/C","C/C","C/C","C/C","C/C","C/C","C/C","C/C","C/C","C/C","?/?","A/C","C/C","C/C","C/C","?/?","C/C","C/C","C/C","C/C","C/C","C/C","C/C","C/C","C/C","C/C","C/C","C/C","C/C","C/C","C/C","C/C","C/C","C/C","C/C","C/C","C/C","C/C","C/C","C/C","C/C","C/C","C/C","C/C","C/C","C/C","C/C","C/C","C/C","C/C","C/C","C/C","C/C","C/C","C/C","C/C","?/?","C/C","C/C","C/C","C/C","C/C","?/?","C/C","C/C","C/C","C/C","C/C","C/C","C/C","?/?","C/C","C/C","C/C","?/?","C/C","C/C","C/C","C/C","C/C","C/C","C/C","C/C","C/C","?/?","C/C","C/C","C/C","?/?","C/C","C/C","C/C","C/C","C/C","A/C","C/C","A/C","C/C","C/C","C/C","C/C","C/C","C/C","C/C","A/C","C/C","C/C","C/C","C/C","C/C","C/C","C/C","C/C","C/C","C/C","C/C","C/C","C/C","C/C","C/C","C/C","C/C","C/C","C/C","C/C","C/C","C/C","C/C","C/C","C/C","C/C","C/C","C/C","C/C","C/C","C/C","C/C","C/C","C/C","C/C","C/C","C/C","C/C","C/C","C/C","C/C","C/C","C/C","C/C","C/C","C/C","C/C","C/C","C/C","C/C","C/C","C/C","C/C","C/C","C/C","C/C","C/C","C/C","C/C","C/C","C/C","C/C","C/C","C/C","C/C","C/C","C/C","C/C","C/C","C/C","C/C","C/C","C/C","?/?","C/C","C/C","C/C","C/C","C/C","C/C","C/C","C/C","C/C","C/C","C/C","C/C","C/C","C/C","C/C","C/C","C/C","C/C","C/C","C/C","C/C","C/C","C/C","C/C","C/C","C/C","C/C","C/C","C/C","C/C","C/C","C/C","C/C","C/C","C/C","C/C","C/C","?/?","C/C","C/C","C/C","?/?","C/C","C/C","C/C","C/C","C/C","C/C","C/C","C/C","C/C","C/C","C/C","C/C","C/C","C/C","C/C","C/C","?/?","C/C","C/C","C/C","C/C","C/C","C/C","C/C","C/C","C/C","C/C","C/C","C/C","C/C","C/C","C/C","?/?","?/?","C/C","C/C","C/C","C/C","C/C","C/C","C/C","C/C","C/C","C/C","C/C","C/C","C/C","C/C","C/C","C/C","C/C","C/C","C/C","C/C","C/C","C/C","C/C","C/C","C/C","?/?","?/?","C/C","A/C","C/C","C/C","C/C","C/C","C/C","C/C","C/C","C/C","C/C","C/C","C/C","C/C","C/C","C/C","C/C","C/C","C/C","C/C","C/C","C/C","C/C","C/C","C/C","C/C","C/C","C/C","C/C","C/C","C/C","C/C","C/C","C/C","C/C","C/C","C/C","C/C","C/C","C/C","C/C","C/C","C/C","C/C","C/C","C/C","C/C","C/C","C/C","C/C","C/C","A/C","A/C","C/C","C/C","C/C","C/C","C/C","C/C","C/C","C/C","C/C","C/C","C/C","C/C","C/C","C/C","A/C","C/C","C/C","C/C","A/C","C/C","C/C","C/C","C/C","C/C","C/C","C/C","A/C","C/C","C/C","C/C","C/C","C/C","C/C","C/C","A/C","C/C","C/C","C/C","C/C","C/C","C/C","C/C","C/C","C/C","C/C","C/C","C/C","C/C","C/C","C/C","?/?","C/C","C/C","?/?","C/C","C/C","C/C","C/C","C/C","C/C","C/C","C/C","C/C","C/C","C/C","C/C","C/C","C/C","A/C","C/C","?/?","C/C","?/?","C/C","C/C","C/C","C/C","C/C","C/C","C/C","C/C","C/C","C/C","C/C","C/C","C/C","C/C","C/C","C/C","C/C","C/C","C/C","A/C","A/C","C/C","C/C","C/C","C/C","C/C","C/C","C/C","C/C","?/?","C/C","C/C","C/C","C/C","C/C","C/C","A/C","A/A","C/C","C/C","?/?","C/C","C/C","C/C","C/C","C/C","C/C","C/C","A/C","?/?","A/C","C/C","C/C","C/C","C/C","C/C","C/C","C/C","C/C","C/C","C/C","C/C","C/C","C/C","C/C","C/C","C/C","C/C","C/C","C/C","C/C","C/C","C/C","C/C","C/C","C/C","C/C","?/?","C/C","C/C","C/C","C/C","C/C","C/C","C/C","C/C","C/C","C/C","C/C","C/C","C/C","C/C","C/C","C/C","C/C","C/C","C/C","C/C","C/C","C/C","C/C","C/C","C/C","C/C","C/C","C/C","C/C","C/C","C/C","C/C","C/C","C/C","C/C","C/C","C/C","C/C","C/C","C/C","C/C","C/C","C/C","C/C","C/C","C/C","C/C","C/C","C/C","C/C","C/C","C/C","C/C","C/C","C/C","C/C","C/C","C/C","C/C","C/C","C/C","C/C","C/C","C/C","C/C","C/C","C/C","C/C","C/C","C/C","C/C","C/C","C/C","C/C","C/C","C/C","C/C","C/C","C/C","C/C","C/C","C/C","C/C","C/C","C/C","C/C","C/C","C/C","C/C","C/C","C/C","C/C","C/C","C/C","C/C","C/C","C/C","C/C","C/C","C/C","C/C","C/C","C/C","C/C","C/C","C/C","?/?","?/?","C/C","C/C","C/C","A/C","C/C","C/C","C/C","C/C","C/C","C/C","C/C","A/C","C/C","?/?","C/C","C/C","C/C","C/C","C/C","C/C","C/C","C/C","C/C","?/?","C/C","C/C","C/C","C/C","C/C","C/C","A/C","C/C","C/C","C/C","C/C","C/C","C/C","C/C","C/C","C/C","C/C","C/C","C/C","C/C","C/C","C/C","C/C","C/C","C/C","C/C","C/C","C/C","C/C","C/C","C/C","C/C","C/C","C/C","C/C","C/C","C/C","C/C","C/C","?/?","C/C","C/C","C/C","C/C","C/C","C/C","C/C","C/C","A/A","C/C","C/C","A/C","C/C","C/C","C/C","C/C","C/C","C/C","C/C","C/C","C/C","C/C","C/C","C/C","C/C","C/C","C/C","C/C","C/C","C/C","C/C","C/C","C/C","C/C","C/C","C/C","C/C","C/C","C/C","C/C","C/C","C/C","C/C","C/C","C/C","C/C","C/C","C/C","C/C","C/C","C/C","C/C","C/C","?/?","C/C","C/C","C/C","C/C","A/C","C/C","C/C","C/C","C/C","C/C","C/C","C/C","C/C","C/C","C/C","C/C","C/C","C/C","C/C","C/C","C/C","C/C","C/C","C/C","C/C","C/C","C/C","C/C","C/C","C/C","C/C","C/C","C/C","C/C","C/C","C/C","C/C","C/C","C/C","C/C","C/C","C/C","C/C","C/C","C/C","C/C","C/C","C/C","C/C","C/C","C/C","C/C","C/C","C/C","C/C","C/C","?/?","C/C","C/C","C/C","C/C","C/C","C/C","C/C","C/C","C/C","C/C","C/C","?/?","C/C","C/C","?/?","?/?","C/C","C/C","C/C","C/C","C/C","C/C","C/C","C/C","C/C","C/C","C/C","C/C","C/C","C/C","C/C","C/C","C/C","C/C","C/C","C/C","C/C","C/C","C/C","C/C","C/C","C/C","C/C","C/C","C/C","C/C","C/C","C/C","C/C","C/C","C/C","C/C","C/C","C/C","C/C","?/?","C/C","C/C","A/C","C/C","C/C","A/C","C/C","C/C","C/C","C/C","A/C","A/A","C/C","C/C","A/C","?/?","A/C","?/?","A/C","C/C","A/C","C/C","A/C","C/C","C/C","C/C","C/C","?/?","C/C","?/?","C/C","C/C","C/C","C/C","C/C","C/C","C/C","?/?","C/C","C/C","C/C","C/C","C/C","C/C","C/C","C/C","C/C","C/C","C/C","C/C","C/C","C/C","C/C","C/C","C/C","C/C","C/C","C/C","?/?","C/C","A/A","A/A","A/A","A/A","C/C","C/C","C/C","A/C","C/C","C/C","C/C","C/C","C/C","C/C","C/C","C/C","C/C"
"61","PZA03344.5",6669,"7","22002659","","","PZA03344","ath-miR172","ath-miR172","candidate",8146,11388,0,0,0,"C/T","T/T","C/C","T/T","?/?","C/C","C/T","C/C","C/C","T/T","C/T","C/C","C/C","T/T","C/C","T/T","C/C","T/T","T/T","C/C","C/C","C/T","C/C","C/T","T/T","C/T","C/C","C/C","C/C","C/T","C/C","C/C","C/C","C/C","C/T","T/T","C/C","C/T","T/T","C/T","C/T","T/T","T/T","C/T","C/C","C/T","C/C","T/T","T/T","C/T","C/C","C/T","C/T","C/T","C/C","C/C","C/T","C/T","C/T","C/T","C/T","T/T","C/C","C/C","C/C","C/T","T/T","T/T","T/T","T/T","C/C","C/T","C/T","T/T","C/C","T/T","C/C","C/T","T/T","C/T","C/C","C/T","C/T","T/T","T/T","C/T","?/?","T/T","C/C","T/T","T/T","C/T","C/T","C/T","T/T","C/C","T/T","C/C","C/C","T/T","C/T","T/T","C/T","C/T","C/C","C/T","T/T","C/C","C/T","C/T","T/T","C/T","T/T","C/C","C/C","C/C","T/T","C/T","C/T","T/T","C/T","C/T","T/T","C/T","C/T","T/T","T/T","T/T","C/T","T/T","T/T","C/T","T/T","T/T","C/T","C/T","T/T","T/T","C/T","T/T","T/T","T/T","T/T","T/T","C/T","C/T","C/T","T/T","C/C","T/T","C/T","T/T","T/T","C/T","T/T","T/T","T/T","C/T","C/C","T/T","T/T","T/T","T/T","C/C","C/C","C/C","C/C","C/T","C/C","C/T","C/C","C/C","C/T","C/C","C/C","C/T","T/T","C/T","C/C","C/T","C/C","T/T","C/C","C/T","T/T","C/T","C/T","T/T","C/T","T/T","T/T","C/C","C/C","C/C","C/T","C/C","C/C","C/C","C/T","C/C","C/C","C/C","C/C","C/C","C/C","C/C","C/T","C/C","C/C","C/C","C/T","C/C","C/T","C/C","C/C","C/C","C/C","C/C","C/C","C/C","?/?","T/T","?/?","C/T","C/C","C/T","C/T","C/T","C/T","C/T","C/C","C/C","C/T","C/T","C/C","C/T","C/T","C/T","C/T","T/T","C/C","C/C","C/C","C/C","T/T","C/C","T/T","C/T","C/T","C/T","C/T","C/T","C/C","T/T","C/C","C/T","C/C","?/?","C/C","C/T","C/T","C/T","T/T","T/T","C/C","C/C","C/C","C/T","C/T","T/T","C/C","C/T","C/C","C/C","C/C","C/C","C/C","C/C","C/C","C/C","C/C","C/C","C/C","C/C","C/C","C/C","C/C","C/C","?/?","C/C","C/C","C/C","T/T","T/T","C/T","T/T","T/T","C/T","C/T","C/C","C/C","T/T","T/T","C/C","T/T","C/T","C/T","C/T","T/T","C/T","C/C","T/T","T/T","C/T","C/T","C/T","T/T","T/T","C/T","C/C","C/T","C/T","T/T","C/T","C/T","C/T","T/T","C/T","T/T","C/T","T/T","C/C","T/T","C/T","C/C","C/T","C/T","C/C","C/C","C/C","C/T","C/C","C/C","C/T","C/T","C/T","C/C","C/C","C/C","C/C","C/T","C/C","C/C","C/T","C/C","C/C","T/T","C/T","C/C","T/T","C/C","?/?","C/C","C/C","C/C","C/C","C/T","T/T","C/T","C/T","C/T","T/T","C/T","C/C","C/T","C/C","T/T","C/T","C/T","T/T","C/T","C/C","C/T","C/C","T/T","C/C","T/T","C/T","C/T","T/T","C/T","C/C","C/C","T/T","C/C","C/T","C/C","T/T","C/T","T/T","C/T","T/T","T/T","C/T","C/T","C/C","C/C","C/C","C/C","C/T","C/T","T/T","C/T","C/T","C/T","C/C","T/T","T/T","T/T","T/T","C/C","C/T","C/T","C/T","T/T","C/T","C/C","C/C","C/T","C/T","T/T","T/T","C/T","T/T","C/T","T/T","C/T","T/T","?/?","C/T","C/T","C/T","C/T","C/T","C/C","C/T","C/C","C/T","C/T","T/T","C/T","C/T","T/T","C/C","C/T","T/T","C/T","T/T","C/T","C/C","C/T","C/C","C/C","C/T","C/T","C/C","C/C","C/T","C/T","C/C","C/C","C/C","T/T","T/T","C/T","T/T","T/T","C/C","T/T","C/C","T/T","C/T","C/C","C/C","C/C","C/T","T/T","T/T","C/T","C/C","T/T","C/C","C/T","T/T","T/T","C/T","C/T","C/C","T/T","C/T","T/T","T/T","C/C","C/T","T/T","T/T","C/T","C/C","C/T","C/T","T/T","C/T","C/C","C/C","C/T","C/T","C/T","C/T","C/T","C/T","C/T","C/T","C/C","C/T","T/T","C/T","C/C","C/T","C/C","T/T","C/T","C/T","C/T","C/T","C/T","C/C","C/T","C/C","T/T","C/C","C/C","C/C","C/C","T/T","C/T","C/T","T/T","C/C","C/C","C/T","T/T","C/C","C/T","C/C","C/C","C/T","C/T","C/T","C/T","T/T","T/T","C/C","C/T","C/T","C/T","C/C","C/T","C/T","T/T","C/T","C/T","C/T","C/T","C/T","T/T","C/T","T/T","C/T","T/T","?/?","C/C","C/T","C/T","C/C","C/C","C/C","C/C","C/C","C/T","T/T","T/T","C/C","C/T","C/C","T/T","C/T","C/C","C/C","C/C","C/C","C/T","C/T","C/T","T/T","C/C","C/T","C/T","T/T","T/T","C/T","C/T","C/T","C/C","C/C","C/T","C/C","C/T","T/T","C/C","C/C","T/T","C/C","C/T","?/?","C/C","C/T","T/T","C/T","T/T","T/T","C/T","C/T","C/C","C/T","T/T","C/T","C/T","C/C","T/T","C/C","C/C","C/C","C/C","C/C","C/C","C/C","C/T","C/T","C/T","C/T","C/C","C/T","C/T","C/T","C/C","C/C","C/T","C/C","C/T","C/T","C/T","C/T","C/T","C/C","C/C","C/T","C/C","C/T","C/T","C/C","C/T","C/T","C/C","C/T","C/C","C/T","C/C","C/T","C/C","C/T","C/C","C/T","T/T","C/C","C/C","C/T","?/?","C/C","C/C","T/T","C/T","C/C","C/C","C/C","C/T","C/T","C/C","C/C","C/C","C/T","C/C","C/C","C/C","C/C","T/T","C/T","T/T","C/C","C/T","C/T","C/C","C/T","C/T","C/T","T/T","C/T","C/T","C/T","C/T","C/T","C/T","C/T","C/C","C/T","C/T","C/T","C/T","T/T","T/T","T/T","C/C","C/C","C/T","C/C","C/T","C/C","C/C","C/T","C/C","C/T","T/T","C/C","C/C","C/C","C/T","T/T","C/T","C/T","T/T","C/T","C/T","C/C","C/C","C/T","C/C","C/C","T/T","C/C","C/T","C/T","T/T","C/T","C/C","C/T","C/C","C/C","T/T","C/C","C/C","C/T","C/T","C/T","C/C","C/T","C/T","C/T","C/T","C/C","T/T","C/C","C/C","C/T","T/T","C/T","T/T","C/T","C/T","?/?","?/?","C/C","T/T","T/T","C/T","C/T","C/C","T/T","C/T","C/T","C/C","C/C","C/C","C/C","C/C","C/T","C/C","C/T","C/C","C/C","C/C","C/T","C/C","C/C","C/C","T/T","C/T","C/C","C/C","C/C","T/T","C/C","C/C","T/T","C/T","C/T","C/C","C/T","C/T","T/T","C/T","C/T","C/T","T/T","T/T","T/T","C/C","C/C","C/T","T/T","C/T","C/C","C/C","T/T","C/T","C/C","C/T","T/T","C/T","C/T","T/T","C/C","C/C","C/T","C/T","C/T","C/T","C/T","C/T","?/?","C/T","C/T","C/T","T/T","C/C","T/T","C/C","C/T","C/C","C/T","C/T","C/C","C/T","T/T","C/C","C/C","C/C","C/C","C/C","C/C","C/C","C/C","C/C","?/?","C/C","C/C","C/C","C/C","C/C","C/T","C/C","C/C","C/C","C/C","C/C","C/C","C/T","C/T","C/C","C/C","C/C","C/C","T/T","C/C","C/C","C/C","C/C","C/C","C/C","C/C","C/C","C/C","T/T","T/T","?/?","T/T","T/T","T/T","T/T","C/T","C/T","C/T","T/T","C/C","C/C","C/C","T/T","T/T","C/C","C/C","C/C","C/C","C/C","C/C","C/C","C/C","T/T","T/T","T/T","C/C","C/C","C/C","C/C","C/C","T/T","T/T","T/T","T/T","C/C","C/C","C/C","T/T","T/T","T/T","T/T","T/T","T/T","C/C","C/C","C/C","T/T","C/C","C/C","C/C","T/T","T/T","T/T","C/T","C/C","C/C","T/T","T/T","T/T","T/T","C/C","C/C","C/C"
"12","PZA00132.3",3681,"7","33979012","","","PZA00132","AY106000","AY106000","random",7704,10596,0,0,0,"C/C","C/T","C/C","T/T","T/T","C/C","T/T","T/T","T/T","C/C","C/T","C/C","C/C","C/T","T/T","C/C","T/T","T/T","C/T","T/T","T/T","C/T","T/T","T/T","C/C","T/T","C/T","T/T","T/T","C/T","C/T","C/T","T/T","T/T","C/T","C/C","T/T","T/T","C/T","T/T","C/C","C/C","C/T","T/T","C/C","C/T","C/T","T/T","C/C","C/T","T/T","C/T","C/C","C/T","C/T","T/T","C/T","C/T","C/C","C/T","C/T","T/T","C/T","C/C","C/T","C/T","?/?","C/C","T/T","T/T","C/T","T/T","T/T","C/T","T/T","C/T","T/T","C/T","C/T","C/T","C/T","C/T","C/C","C/T","C/C","T/T","T/T","C/T","C/T","C/T","C/T","T/T","T/T","C/T","C/T","C/C","C/C","C/T","C/C","C/C","C/T","C/T","C/T","T/T","C/C","C/T","C/T","T/T","C/T","C/C","C/C","C/T","C/C","C/T","C/C","C/T","C/C","T/T","C/T","C/C","C/C","C/T","C/C","T/T","T/T","C/T","C/T","C/T","T/T","C/C","C/T","T/T","T/T","T/T","C/T","C/T","C/C","C/T","C/T","T/T","C/C","C/T","T/T","C/C","C/C","C/C","T/T","C/C","C/T","C/T","C/C","C/T","C/T","C/T","C/C","C/C","C/C","C/T","C/C","T/T","C/C","C/T","C/T","C/C","T/T","C/C","T/T","C/C","T/T","T/T","T/T","T/T","C/T","C/C","T/T","C/T","T/T","C/T","C/T","C/T","T/T","T/T","C/T","C/T","C/C","C/C","C/T","C/C","T/T","T/T","C/T","C/C","C/C","C/T","T/T","T/T","C/C","C/T","T/T","C/C","C/C","C/T","C/T","C/T","C/T","T/T","T/T","C/C","T/T","C/T","C/C","C/C","C/C","C/T","T/T","C/T","C/T","C/C","T/T","C/C","C/T","C/T","C/T","C/C","C/T","T/T","C/C","C/T","T/T","T/T","T/T","C/T","C/T","C/T","C/T","C/T","C/T","C/T","C/T","T/T","C/T","C/T","T/T","C/C","T/T","T/T","C/T","C/C","C/T","T/T","C/T","C/T","T/T","C/C","C/T","C/T","T/T","T/T","T/T","T/T","T/T","T/T","C/T","T/T","T/T","T/T","T/T","T/T","T/T","C/T","T/T","C/T","T/T","C/T","C/T","C/T","T/T","?/?","C/T","T/T","C/T","C/T","C/T","T/T","T/T","C/T","T/T","C/T","C/T","C/T","T/T","C/T","T/T","C/C","T/T","C/T","T/T","C/T","C/C","T/T","C/T","C/T","C/C","C/T","T/T","T/T","T/T","C/T","C/T","C/C","C/T","T/T","C/C","C/C","T/T","C/T","T/T","C/C","C/T","C/T","C/C","C/T","C/T","C/C","C/T","C/T","C/T","T/T","C/C","T/T","C/C","T/T","T/T","C/T","T/T","T/T","C/T","T/T","T/T","T/T","C/T","C/T","T/T","C/T","C/T","T/T","T/T","C/T","T/T","C/T","T/T","C/C","C/T","C/T","C/C","C/T","C/C","T/T","C/T","C/C","T/T","T/T","C/C","C/C","C/C","C/C","C/T","C/T","T/T","T/T","C/T","C/C","C/T","?/?","T/T","C/T","C/C","C/T","C/T","T/T","T/T","T/T","C/C","C/T","C/T","C/C","C/T","T/T","C/T","C/T","C/T","C/T","C/T","C/T","C/T","C/C","C/T","C/C","C/T","T/T","C/T","T/T","T/T","C/T","T/T","T/T","C/C","C/C","C/T","C/T","T/T","T/T","C/T","C/T","C/C","C/T","C/C","T/T","C/T","T/T","C/T","C/C","C/C","C/T","C/C","C/T","C/C","C/T","C/T","C/T","C/C","C/T","T/T","C/T","T/T","C/T","C/T","C/C","C/T","C/C","C/T","C/T","C/T","T/T","T/T","C/T","C/T","C/T","C/T","T/T","C/T","T/T","T/T","T/T","T/T","C/T","T/T","C/C","C/T","T/T","C/C","T/T","T/T","C/T","C/T","T/T","T/T","T/T","C/C","T/T","C/T","C/T","C/T","T/T","C/T","T/T","C/T","C/T","T/T","T/T","T/T","C/T","C/C","T/T","T/T","C/C","C/T","C/C","C/C","C/T","C/T","C/T","C/C","C/T","C/T","T/T","C/C","C/T","T/T","C/T","C/T","T/T","C/T","C/T","C/T","T/T","T/T","T/T","C/T","C/T","T/T","C/C","T/T","C/T","C/T","C/T","T/T","C/C","C/T","T/T","T/T","C/T","T/T","C/C","T/T","C/T","C/T","C/T","C/C","T/T","C/T","T/T","C/C","C/T","T/T","C/T","T/T","C/T","C/T","C/T","C/C","C/T","C/T","C/T","T/T","T/T","C/T","C/T","T/T","C/T","C/T","T/T","C/T","C/T","C/T","T/T","T/T","T/T","C/T","T/T","C/T","T/T","C/T","C/T","T/T","C/C","C/T","C/T","C/C","C/C","C/T","C/C","T/T","C/T","C/T","C/T","C/T","C/T","C/T","C/C","C/T","C/T","C/T","C/T","C/T","C/T","C/T","T/T","C/T","T/T","T/T","C/T","C/T","C/T","T/T","C/T","T/T","C/C","C/C","C/C","C/T","C/T","C/T","C/T","T/T","T/T","C/T","C/T","C/C","C/T","C/T","T/T","C/T","C/C","C/T","C/T","T/T","T/T","C/T","T/T","C/T","?/?","C/T","C/T","C/T","C/T","C/T","C/T","C/T","T/T","C/T","T/T","C/T","C/T","C/T","C/T","C/C","T/T","T/T","C/T","?/?","C/C","T/T","C/C","T/T","C/C","C/T","T/T","C/T","C/T","C/C","T/T","C/C","C/T","C/T","T/T","T/T","C/C","C/T","C/C","C/T","C/T","C/T","C/T","C/C","T/T","C/T","T/T","T/T","C/C","T/T","T/T","T/T","C/T","T/T","C/T","C/T","C/T","C/T","C/T","T/T","C/T","C/T","C/C","T/T","C/T","C/C","C/C","C/T","C/C","?/?","C/C","T/T","C/T","C/T","C/T","C/C","T/T","C/T","T/T","C/C","C/C","T/T","T/T","C/C","T/T","C/T","T/T","C/T","C/T","C/T","T/T","C/T","C/T","C/C","C/C","C/T","C/T","T/T","T/T","C/C","C/T","T/T","C/T","C/T","C/C","C/T","C/C","C/C","C/C","T/T","C/T","C/T","C/C","C/T","C/T","C/T","T/T","T/T","C/C","C/T","T/T","C/T","C/C","C/T","T/T","C/T","T/T","T/T","C/C","C/T","C/T","T/T","C/T","T/T","T/T","T/T","C/T","C/T","C/T","T/T","C/C","T/T","C/C","C/C","C/T","C/C","T/T","C/T","T/T","C/C","C/T","C/T","T/T","C/C","C/T","C/T","C/C","T/T","C/T","C/C","C/T","C/T","C/T","T/T","T/T","C/C","C/T","T/T","C/T","C/C","C/T","T/T","C/T","T/T","T/T","C/T","C/C","C/C","C/T","C/T","C/C","C/C","C/C","C/C","C/T","C/T","C/C","C/C","C/C","C/C","C/C","C/C","T/T","C/C","C/T","C/C","C/C","C/C","T/T","C/C","C/T","C/C","C/T","C/C","C/T","C/T","T/T","C/T","C/C","T/T","T/T","T/T","C/C","C/T","C/T","C/T","C/T","C/T","C/T","C/T","T/T","T/T","C/C","C/T","T/T","C/C","T/T","T/T","C/C","C/T","C/C","T/T","C/T","C/C","T/T","T/T","C/T","C/T","T/T","C/C","T/T","C/C","C/C","T/T","C/C","T/T","C/T","C/T","T/T","C/T","C/C","T/T","C/T","C/T","C/T","C/T","C/C","C/T","C/T","T/T","C/T","C/T","C/T","C/T","C/C","T/T","C/C","C/T","C/T","C/C","T/T","T/T","T/T","C/C","C/T","C/T","C/C","C/T","C/T","T/T","T/T","C/C","C/C","C/C","C/C","C/C","C/C","C/C","C/T","C/T","C/T","C/T","C/T","T/T","C/C","C/T","C/T","T/T","T/T","C/T","C/T","C/C","C/T","C/T","C/T","T/T","C/T","T/T","T/T","T/T","C/T","C/C","C/C","C/C","C/C","C/C","T/T","T/T","T/T","T/T","T/T","T/T","T/T","C/C","C/C","T/T","T/T","T/T","T/T","T/T","C/C","C/C","C/C","C/C","C/C","C/C","C/C","T/T","T/T","T/T","T/T","C/C","C/C","C/C","C/C","C/C","C/C","T/T","T/T","T/T","T/T","T/T","T/T","T/T"
"10","PZA00132.17",3551,"7","33979080","","","PZA00132","AY106000","AY106000","random",7703,10594,1,1,1,"T/T","T/T","G/G","T/T","T/T","T/T","T/T","T/T","T/T","G/G","T/T","T/T","T/T","T/T","T/T","T/T","T/T","T/T","T/T","T/T","T/T","T/T","T/T","T/T","T/T","T/T","T/T","T/T","T/T","T/T","T/T","T/T","T/T","T/T","G/T","G/T","T/T","T/T","T/T","T/T","T/T","T/T","T/T","T/T","T/T","T/T","T/T","T/T","T/T","T/T","T/T","T/T","T/T","T/T","T/T","T/T","T/T","T/T","T/T","T/T","T/T","T/T","T/T","T/T","T/T","T/T","T/T","T/T","T/T","T/T","T/T","T/T","T/T","T/T","T/T","T/T","T/T","T/T","T/T","T/T","T/T","T/T","T/T","T/T","T/T","T/T","T/T","T/T","T/T","T/T","T/T","T/T","T/T","T/T","T/T","T/T","T/T","T/T","G/T","T/T","T/T","T/T","T/T","T/T","G/T","T/T","T/T","T/T","T/T","T/T","T/T","T/T","T/T","T/T","T/T","T/T","T/T","T/T","T/T","G/G","T/T","T/T","T/T","T/T","T/T","T/T","T/T","T/T","T/T","T/T","T/T","T/T","T/T","T/T","T/T","T/T","T/T","T/T","T/T","T/T","T/T","T/T","T/T","T/T","T/T","T/T","T/T","T/T","T/T","T/T","T/T","T/T","T/T","T/T","T/T","G/T","T/T","T/T","T/T","T/T","T/T","T/T","T/T","T/T","T/T","T/T","T/T","T/T","T/T","T/T","T/T","T/T","T/T","G/G","T/T","T/T","T/T","T/T","T/T","T/T","T/T","T/T","T/T","T/T","T/T","T/T","T/T","T/T","T/T","T/T","T/T","T/T","T/T","T/T","T/T","T/T","T/T","T/T","T/T","T/T","T/T","T/T","T/T","T/T","T/T","T/T","T/T","T/T","T/T","T/T","T/T","T/T","T/T","T/T","T/T","T/T","T/T","T/T","T/T","T/T","T/T","T/T","T/T","T/T","T/T","T/T","T/T","T/T","T/T","T/T","T/T","T/T","T/T","T/T","T/T","T/T","T/T","T/T","T/T","T/T","T/T","T/T","T/T","T/T","T/T","T/T","T/T","T/T","T/T","T/T","T/T","G/T","T/T","T/T","T/T","G/T","T/T","T/T","T/T","T/T","T/T","T/T","T/T","T/T","T/T","T/T","T/T","T/T","T/T","T/T","T/T","T/T","T/T","T/T","T/T","T/T","T/T","T/T","T/T","T/T","T/T","G/T","T/T","T/T","T/T","G/T","T/T","T/T","T/T","T/T","T/T","T/T","T/T","T/T","T/T","T/T","T/T","T/T","T/T","T/T","T/T","T/T","T/T","T/T","T/T","T/T","T/T","T/T","T/T","T/T","T/T","T/T","T/T","T/T","T/T","T/T","T/T","T/T","T/T","T/T","T/T","T/T","T/T","T/T","T/T","T/T","T/T","T/T","T/T","T/T","T/T","T/T","T/T","T/T","T/T","T/T","T/T","T/T","T/T","T/T","T/T","T/T","T/T","T/T","T/T","T/T","T/T","T/T","T/T","T/T","T/T","T/T","T/T","T/T","T/T","T/T","T/T","T/T","T/T","T/T","T/T","G/T","T/T","T/T","T/T","T/T","T/T","T/T","T/T","T/T","T/T","T/T","T/T","T/T","T/T","T/T","T/T","T/T","T/T","T/T","T/T","T/T","T/T","T/T","T/T","T/T","T/T","T/T","T/T","T/T","T/T","T/T","T/T","T/T","T/T","T/T","T/T","T/T","T/T","T/T","T/T","T/T","T/T","T/T","T/T","T/T","T/T","T/T","T/T","T/T","T/T","T/T","T/T","T/T","T/T","T/T","T/T","T/T","T/T","T/T","T/T","T/T","T/T","T/T","T/T","T/T","T/T","T/T","T/T","T/T","T/T","T/T","T/T","T/T","T/T","T/T","T/T","T/T","T/T","T/T","T/T","G/T","T/T","T/T","T/T","T/T","T/T","G/T","T/T","T/T","T/T","T/T","T/T","T/T","T/T","T/T","T/T","T/T","G/T","T/T","T/T","T/T","T/T","T/T","T/T","T/T","?/?","T/T","T/T","T/T","T/T","T/T","T/T","T/T","T/T","T/T","T/T","T/T","T/T","T/T","T/T","T/T","T/T","T/T","T/T","T/T","T/T","T/T","T/T","T/T","T/T","T/T","T/T","T/T","G/T","T/T","T/T","T/T","T/T","T/T","G/T","T/T","T/T","G/T","T/T","T/T","T/T","T/T","T/T","T/T","T/T","T/T","T/T","G/T","T/T","T/T","T/T","T/T","T/T","T/T","T/T","T/T","T/T","T/T","T/T","T/T","T/T","T/T","T/T","T/T","T/T","T/T","T/T","T/T","T/T","T/T","T/T","T/T","T/T","T/T","G/T","T/T","T/T","T/T","T/T","T/T","T/T","T/T","T/T","T/T","T/T","T/T","T/T","T/T","T/T","T/T","T/T","T/T","T/T","T/T","T/T","T/T","T/T","T/T","T/T","T/T","T/T","T/T","T/T","T/T","T/T","T/T","T/T","T/T","T/T","T/T","T/T","T/T","T/T","T/T","T/T","T/T","T/T","T/T","?/?","T/T","T/T","T/T","T/T","T/T","T/T","T/T","T/T","T/T","T/T","T/T","T/T","T/T","T/T","T/T","T/T","T/T","T/T","T/T","T/T","T/T","T/T","T/T","T/T","T/T","T/T","T/T","T/T","T/T","T/T","T/T","T/T","T/T","T/T","T/T","T/T","T/T","T/T","T/T","T/T","T/T","T/T","T/T","T/T","T/T","T/T","T/T","T/T","T/T","T/T","T/T","T/T","T/T","T/T","T/T","T/T","G/G","T/T","G/T","T/T","T/T","T/T","T/T","T/T","T/T","T/T","T/T","T/T","T/T","T/T","T/T","T/T","T/T","T/T","T/T","T/T","T/T","T/T","T/T","T/T","T/T","T/T","T/T","T/T","T/T","T/T","T/T","T/T","T/T","T/T","G/T","G/T","T/T","T/T","T/T","T/T","T/T","T/T","G/T","T/T","T/T","G/T","T/T","T/T","T/T","T/T","G/T","T/T","T/T","T/T","T/T","G/T","T/T","T/T","T/T","T/T","G/T","T/T","T/T","T/T","T/T","T/T","T/T","T/T","T/T","T/T","T/T","T/T","T/T","T/T","T/T","T/T","T/T","T/T","T/T","T/T","T/T","T/T","T/T","T/T","G/T","T/T","T/T","?/?","T/T","T/T","T/T","T/T","T/T","T/T","T/T","T/T","T/T","T/T","T/T","T/T","T/T","T/T","T/T","T/T","T/T","T/T","T/T","T/T","T/T","?/?","T/T","T/T","T/T","T/T","T/T","T/T","T/T","T/T","T/T","T/T","T/T","T/T","T/T","T/T","T/T","T/T","T/T","T/T","T/T","?/?","T/T","T/T","T/T","T/T","T/T","T/T","T/T","T/T","T/T","T/T","T/T","T/T","T/T","T/T","T/T","T/T","T/T","T/T","T/T","T/T","T/T","T/T","T/T","T/T","T/T","T/T","T/T","T/T","T/T","T/T","G/T","G/T","T/T","T/T","T/T","G/T","G/T","?/?","G/T","T/T","T/T","G/T","T/T","T/T","T/T","T/T","T/T","T/T","T/T","G/T","T/T","T/T","T/T","T/T","T/T","T/T","T/T","T/T","T/T","T/T","T/T","T/T","T/T","T/T","T/T","T/T","G/T","T/T","T/T","T/T","T/T","T/T","T/T","T/T","T/T","T/T","T/T","T/T","T/T","T/T","T/T","T/T","T/T","T/T","T/T","T/T","G/T","T/T","T/T","T/T","T/T","T/T","G/T","T/T","T/T","T/T","T/T","T/T","T/T","T/T","G/T","T/T","G/T","T/T","T/T","T/T","T/T","T/T","T/T","T/T","T/T","T/T","T/T","G/T","T/T","T/T","T/T","T/T","T/T","G/T","T/T","T/T","T/T","T/T","T/T","T/T","T/T","T/T","T/T","T/T","T/T","G/G","G/G","G/G","G/G","G/G","G/G","G/G","G/T","T/T","T/T","T/T","T/T","T/T","T/T","T/T","T/T","T/T","T/T","G/T","T/T","G/T","T/T","T/T","T/T","T/T","T/T","T/T","T/T","T/T","T/T","T/T","T/T","T/T","T/T","T/T","T/T","T/T","T/T","T/T","T/T","T/T","T/T","T/T","T/T","?/?","T/T","T/T","T/T","T/T","T/T","T/T","T/T","T/T","T/T","T/T","T/T","T/T","T/T","T/T","T/T","T/T","T/T","T/T","T/T","T/T","T/T","T/T","T/T","T/T","T/T","T/T","T/T","T/T"
"11","PZA00132.18",7582,"7","33979181","","","PZA00132","AY106000","AY106000","random",9855,10595,0,0,0,"?/?","?/?","?/?","T/T","T/T","T/T","T/T","T/T","T/T","C/C","T/T","T/T","T/T","T/T","T/T","T/T","T/T","T/T","T/T","T/T","T/T","T/T","T/T","T/T","T/T","T/T","T/T","T/T","T/T","T/T","T/T","T/T","T/T","T/T","T/T","T/T","T/T","T/T","T/T","T/T","T/T","T/T","T/T","T/T","T/T","T/T","T/T","T/T","T/T","T/T","T/T","T/T","T/T","T/T","T/T","T/T","T/T","T/T","T/T","T/T","T/T","T/T","T/T","T/T","T/T","T/T","T/T","T/T","T/T","T/T","T/T","T/T","T/T","T/T","T/T","T/T","T/T","T/T","T/T","T/T","T/T","T/T","T/T","T/T","T/T","T/T","T/T","T/T","T/T","T/T","T/T","T/T","T/T","T/T","T/T","T/T","T/T","T/T","C/T","T/T","T/T","T/T","T/T","T/T","C/T","T/T","T/T","T/T","T/T","T/T","T/T","T/T","T/T","T/T","T/T","T/T","T/T","T/T","T/T","T/T","T/T","T/T","T/T","T/T","T/T","T/T","T/T","T/T","T/T","T/T","T/T","T/T","T/T","T/T","T/T","T/T","T/T","T/T","T/T","T/T","T/T","T/T","T/T","T/T","T/T","T/T","T/T","T/T","T/T","T/T","T/T","T/T","T/T","T/T","T/T","C/T","T/T","T/T","T/T","T/T","T/T","T/T","T/T","T/T","?/?","T/T","T/T","T/T","T/T","T/T","T/T","T/T","T/T","C/C","T/T","T/T","T/T","T/T","T/T","T/T","T/T","T/T","T/T","T/T","T/T","T/T","T/T","T/T","T/T","T/T","T/T","T/T","T/T","T/T","T/T","T/T","T/T","T/T","T/T","T/T","T/T","T/T","T/T","T/T","T/T","T/T","T/T","T/T","T/T","T/T","T/T","T/T","T/T","T/T","T/T","T/T","T/T","T/T","T/T","T/T","T/T","T/T","T/T","T/T","T/T","T/T","T/T","T/T","T/T","T/T","T/T","T/T","T/T","T/T","T/T","T/T","T/T","T/T","T/T","T/T","T/T","T/T","T/T","T/T","T/T","T/T","T/T","T/T","T/T","T/T","T/T","?/?","T/T","T/T","T/T","C/T","T/T","T/T","T/T","T/T","T/T","T/T","T/T","T/T","T/T","T/T","T/T","T/T","T/T","T/T","T/T","T/T","T/T","?/?","T/T","T/T","T/T","T/T","T/T","T/T","T/T","C/T","T/T","T/T","T/T","C/T","T/T","T/T","T/T","T/T","T/T","T/T","?/?","T/T","T/T","T/T","T/T","T/T","T/T","T/T","T/T","T/T","T/T","T/T","T/T","T/T","T/T","T/T","T/T","T/T","T/T","T/T","T/T","T/T","T/T","T/T","T/T","T/T","T/T","T/T","T/T","T/T","T/T","T/T","T/T","T/T","T/T","T/T","T/T","T/T","T/T","T/T","T/T","T/T","T/T","T/T","T/T","T/T","T/T","?/?","T/T","T/T","T/T","T/T","T/T","?/?","T/T","T/T","T/T","T/T","T/T","T/T","T/T","T/T","T/T","T/T","T/T","T/T","T/T","T/T","T/T","?/?","T/T","T/T","T/T","T/T","T/T","T/T","T/T","T/T","T/T","T/T","T/T","T/T","T/T","T/T","T/T","T/T","T/T","T/T","T/T","T/T","T/T","T/T","T/T","T/T","T/T","T/T","T/T","T/T","T/T","T/T","T/T","T/T","T/T","T/T","T/T","T/T","T/T","T/T","T/T","T/T","T/T","T/T","T/T","T/T","T/T","T/T","T/T","T/T","T/T","T/T","T/T","T/T","T/T","T/T","T/T","T/T","T/T","T/T","T/T","T/T","T/T","T/T","T/T","T/T","T/T","T/T","T/T","T/T","T/T","T/T","T/T","T/T","T/T","T/T","T/T","T/T","T/T","T/T","T/T","C/T","T/T","T/T","T/T","T/T","T/T","C/T","T/T","T/T","T/T","T/T","T/T","T/T","T/T","T/T","T/T","T/T","C/T","T/T","T/T","T/T","T/T","T/T","T/T","T/T","?/?","T/T","T/T","T/T","T/T","T/T","T/T","T/T","T/T","T/T","T/T","T/T","T/T","T/T","T/T","T/T","T/T","T/T","T/T","T/T","T/T","T/T","T/T","T/T","T/T","T/T","T/T","T/T","C/T","T/T","T/T","T/T","T/T","T/T","C/T","T/T","T/T","C/T","T/T","T/T","T/T","T/T","T/T","T/T","T/T","T/T","T/T","T/T","T/T","T/T","T/T","T/T","T/T","T/T","T/T","T/T","T/T","T/T","T/T","T/T","T/T","T/T","T/T","T/T","T/T","T/T","T/T","T/T","T/T","T/T","T/T","T/T","T/T","T/T","T/T","T/T","T/T","T/T","T/T","T/T","T/T","T/T","T/T","T/T","?/?","T/T","T/T","T/T","T/T","T/T","T/T","T/T","T/T","T/T","T/T","T/T","T/T","T/T","T/T","T/T","T/T","T/T","T/T","T/T","T/T","T/T","T/T","T/T","T/T","T/T","T/T","T/T","T/T","T/T","T/T","T/T","T/T","T/T","T/T","T/T","T/T","T/T","T/T","T/T","T/T","T/T","T/T","T/T","T/T","T/T","T/T","T/T","T/T","T/T","T/T","T/T","T/T","T/T","T/T","T/T","T/T","T/T","T/T","?/?","T/T","T/T","T/T","T/T","T/T","T/T","T/T","T/T","T/T","T/T","T/T","T/T","T/T","T/T","T/T","T/T","C/T","T/T","T/T","T/T","T/T","?/?","T/T","T/T","T/T","T/T","C/T","T/T","T/T","T/T","T/T","T/T","T/T","C/T","T/T","?/?","T/T","T/T","T/T","T/T","T/T","T/T","T/T","T/T","T/T","T/T","T/T","T/T","T/T","T/T","T/T","T/T","T/T","T/T","T/T","T/T","T/T","T/T","T/T","T/T","T/T","T/T","T/T","T/T","T/T","T/T","C/T","T/T","T/T","T/T","T/T","T/T","T/T","C/T","T/T","T/T","C/T","T/T","T/T","T/T","T/T","C/T","T/T","T/T","T/T","T/T","C/T","T/T","T/T","T/T","T/T","T/T","?/?","T/T","T/T","T/T","T/T","T/T","T/T","T/T","T/T","T/T","T/T","T/T","T/T","T/T","T/T","T/T","T/T","T/T","T/T","T/T","T/T","T/T","T/T","C/T","T/T","T/T","T/T","T/T","T/T","T/T","T/T","T/T","T/T","T/T","T/T","T/T","T/T","T/T","T/T","T/T","T/T","T/T","T/T","T/T","T/T","T/T","T/T","T/T","T/T","T/T","T/T","T/T","T/T","T/T","T/T","T/T","T/T","T/T","T/T","T/T","T/T","T/T","T/T","T/T","T/T","T/T","T/T","T/T","T/T","T/T","T/T","T/T","T/T","T/T","T/T","T/T","T/T","T/T","T/T","T/T","T/T","T/T","T/T","T/T","T/T","?/?","T/T","T/T","T/T","T/T","T/T","T/T","T/T","T/T","T/T","T/T","T/T","T/T","T/T","C/T","C/T","T/T","T/T","T/T","C/T","C/T","C/C","?/?","T/T","T/T","C/C","T/T","T/T","T/T","T/T","T/T","T/T","T/T","C/T","T/T","T/T","T/T","T/T","T/T","T/T","T/T","T/T","T/T","T/T","T/T","T/T","T/T","T/T","T/T","T/T","C/T","T/T","T/T","T/T","T/T","T/T","T/T","T/T","T/T","T/T","T/T","T/T","T/T","T/T","T/T","T/T","T/T","T/T","T/T","T/T","?/?","T/T","T/T","T/T","T/T","T/T","T/T","T/T","T/T","T/T","T/T","T/T","T/T","T/T","T/T","T/T","C/T","T/T","T/T","T/T","T/T","T/T","T/T","T/T","T/T","T/T","T/T","C/T","T/T","T/T","T/T","T/T","T/T","C/T","T/T","T/T","T/T","T/T","T/T","T/T","T/T","T/T","T/T","T/T","T/T","C/C","C/C","C/C","C/C","C/C","C/C","C/C","C/T","T/T","T/T","T/T","T/T","T/T","T/T","T/T","T/T","T/T","T/T","C/T","T/T","C/T","T/T","T/T","T/T","?/?","T/T","T/T","T/T","T/T","T/T","T/T","T/T","T/T","?/?","T/T","?/?","T/T","T/T","?/?","T/T","T/T","T/T","T/T","T/T","T/T","?/?","T/T","?/?","T/T","T/T","?/?","T/T","T/T","T/T","?/?","?/?","?/?","T/T","T/T","T/T","T/T","?/?","T/T","T/T","?/?","T/T","T/T","?/?","?/?","T/T","C/T","?/?","T/T"
"2","PZA00084.2",3642,"7","43948264","","","PZA00084","AY106170","AY106170","random",7682,10547,1,1,1,"C/C","C/C","C/C","?/?","C/C","C/C","C/C","C/C","C/T","T/T","C/C","C/C","C/C","C/T","C/C","C/C","C/C","C/C","C/C","C/T","T/T","C/C","T/T","C/T","C/C","T/T","?/?","C/C","T/T","T/T","C/C","C/C","C/T","C/T","C/T","T/T","?/?","?/?","?/?","C/C","C/C","C/C","C/C","C/C","C/C","C/C","C/C","C/T","C/C","C/C","C/C","T/T","C/C","C/C","C/T","C/C","C/C","C/C","C/C","C/C","C/C","C/C","?/?","C/T","C/C","C/T","C/C","C/C","C/T","C/C","?/?","C/C","C/C","C/C","C/T","C/T","C/C","?/?","C/C","C/C","C/C","C/C","C/C","C/C","C/C","?/?","?/?","C/T","C/C","T/T","C/T","C/C","T/T","C/C","C/T","C/C","T/T","C/C","T/T","C/T","C/C","C/C","C/T","C/T","C/C","C/C","C/C","C/T","C/T","T/T","C/C","?/?","?/?","?/?","?/?","C/T","C/C","T/T","C/C","C/C","C/T","C/C","T/T","C/T","?/?","C/C","T/T","C/T","C/C","C/T","?/?","C/T","C/C","C/T","C/T","C/C","C/C","C/C","C/C","C/T","C/T","?/?","C/T","?/?","C/T","C/T","C/C","C/C","C/C","C/C","C/T","C/C","C/C","?/?","C/C","C/C","C/C","C/C","C/T","C/C","?/?","?/?","C/C","C/C","C/C","C/T","C/C","C/C","C/T","C/C","C/C","C/C","C/C","C/C","C/T","C/T","T/T","C/C","C/C","C/C","C/C","C/C","C/C","C/C","C/C","C/C","C/C","C/C","C/C","C/C","C/T","C/C","C/T","C/C","C/C","C/C","C/C","?/?","C/C","C/C","C/C","C/T","C/C","C/C","C/C","C/T","C/C","C/T","C/T","C/C","T/T","C/T","C/C","C/T","C/T","C/T","C/C","C/C","C/C","C/C","C/C","C/C","C/C","C/C","C/T","C/T","C/C","C/C","?/?","T/T","C/C","C/T","C/C","C/T","C/C","C/T","?/?","C/T","?/?","C/T","C/T","C/C","C/C","C/C","C/C","C/T","C/C","C/C","C/C","C/T","C/C","?/?","C/T","C/C","C/C","C/T","?/?","C/C","C/C","C/C","C/C","C/C","C/C","C/C","C/C","C/C","C/C","C/C","?/?","C/C","C/T","C/T","C/C","C/T","?/?","C/C","T/T","C/C","C/C","C/C","C/T","C/T","C/T","C/C","C/C","C/T","C/C","C/T","?/?","C/C","C/T","C/T","C/C","T/T","C/T","C/T","C/T","C/T","?/?","T/T","C/C","C/C","T/T","C/T","C/T","T/T","C/C","C/T","C/T","?/?","C/C","C/C","C/C","C/T","C/C","C/C","C/C","C/C","C/C","C/C","C/C","C/C","C/C","C/C","C/C","C/T","C/C","C/T","C/T","C/T","?/?","C/T","C/C","C/C","C/T","C/T","C/C","C/C","C/C","C/C","C/C","C/C","C/C","C/C","C/C","C/C","?/?","C/C","C/C","C/C","C/T","?/?","C/T","C/T","C/C","?/?","?/?","C/C","C/C","C/C","C/C","C/C","C/C","C/C","C/T","C/C","C/C","C/C","C/C","C/C","C/C","C/C","C/C","C/C","C/C","C/T","C/C","C/C","C/C","C/C","C/C","C/C","?/?","?/?","C/C","C/C","C/C","?/?","C/C","C/C","C/C","C/C","C/C","C/C","?/?","C/C","C/C","?/?","?/?","C/T","C/C","C/T","C/C","C/C","C/C","C/C","C/C","C/C","C/C","C/C","C/T","C/C","C/C","C/C","C/C","C/C","C/C","C/C","C/C","C/C","C/C","C/C","C/C","C/C","?/?","C/T","C/C","C/C","C/C","?/?","C/C","?/?","C/T","C/T","C/C","C/C","?/?","C/C","?/?","C/C","C/C","C/C","C/C","C/C","C/T","C/T","C/C","C/C","C/C","C/C","?/?","C/C","C/C","C/C","C/T","?/?","?/?","C/C","C/C","T/T","C/T","C/C","C/T","T/T","?/?","T/T","C/T","C/C","?/?","C/C","C/T","C/C","C/C","C/C","T/T","C/C","C/T","C/T","T/T","C/T","C/C","C/C","?/?","?/?","C/C","C/C","C/T","C/T","C/T","C/C","C/C","C/C","C/C","C/T","C/T","C/C","C/T","?/?","C/C","C/C","C/C","C/T","C/T","C/C","T/T","C/T","T/T","T/T","C/T","C/T","C/T","?/?","C/C","C/C","C/C","C/C","C/T","C/T","?/?","C/C","C/C","C/C","C/T","C/C","?/?","?/?","?/?","C/T","T/T","C/C","C/C","?/?","C/T","C/C","C/C","C/T","C/C","?/?","C/C","C/C","C/C","C/T","C/T","C/C","C/C","C/C","C/C","?/?","?/?","?/?","C/C","C/C","C/C","C/C","C/C","C/C","C/C","C/C","C/C","C/C","C/C","C/C","C/C","C/C","?/?","C/C","C/C","C/C","C/C","C/C","C/C","C/C","C/C","C/C","?/?","C/C","?/?","?/?","C/C","C/C","C/T","C/C","C/C","C/C","C/C","C/C","C/T","C/C","C/C","C/C","C/C","C/C","C/C","C/C","?/?","C/T","C/C","C/T","?/?","C/T","C/C","T/T","C/C","C/T","C/C","C/C","C/C","C/T","C/C","C/C","C/C","?/?","C/C","?/?","?/?","C/C","C/C","C/C","C/T","C/C","C/C","?/?","C/T","C/C","C/T","C/T","C/C","C/C","C/C","C/C","C/T","C/T","C/T","C/T","C/C","C/C","C/C","C/T","C/C","C/C","C/C","C/C","C/C","C/T","C/C","?/?","C/C","C/T","C/C","C/T","C/C","C/C","C/C","C/C","C/T","C/C","?/?","C/C","C/C","C/C","C/T","C/C","C/C","C/C","C/C","C/C","C/C","C/C","C/C","C/T","C/C","C/C","?/?","?/?","C/C","C/C","C/T","C/C","C/C","T/T","C/C","C/C","C/C","C/T","C/C","C/C","C/C","C/C","?/?","C/C","?/?","C/C","C/C","C/C","C/T","C/C","C/T","?/?","C/C","C/C","C/C","C/C","?/?","C/C","C/C","C/C","C/C","?/?","C/C","C/C","C/C","C/C","C/C","C/C","C/C","C/C","C/T","C/C","C/C","C/C","C/C","C/C","C/C","C/C","C/C","C/C","?/?","C/C","C/C","C/C","C/C","C/C","C/C","C/C","C/C","C/C","?/?","C/T","C/C","C/C","C/C","?/?","C/C","C/C","C/C","C/C","C/C","C/C","?/?","C/C","C/C","C/T","T/T","C/C","C/C","?/?","C/C","?/?","C/C","?/?","C/T","C/C","C/C","C/C","?/?","C/T","C/C","C/T","?/?","C/C","C/C","C/C","C/T","C/C","C/C","C/T","C/C","C/T","C/C","C/C","C/C","C/C","?/?","?/?","C/C","C/T","C/C","C/C","C/C","C/T","C/T","C/T","C/T","C/C","C/C","C/C","C/C","?/?","?/?","?/?","C/C","C/C","C/C","C/T","C/C","C/C","C/C","C/C","C/C","C/T","C/C","C/C","C/C","C/C","C/C","C/C","C/C","C/C","C/C","C/T","C/C","C/C","C/T","C/C","?/?","C/T","C/C","C/C","T/T","C/C","?/?","C/C","C/C","C/C","C/C","C/C","C/T","C/C","C/C","C/C","C/C","C/C","C/T","?/?","C/C","C/C","C/C","C/C","C/C","C/C","?/?","C/C","?/?","T/T","C/T","T/T","C/C","C/C","C/C","C/C","C/C","C/T","C/C","C/T","C/C","C/T","C/C","C/T","C/C","C/C","C/T","?/?","?/?","C/T","C/T","C/C","C/T","C/C","C/C","C/C","T/T","C/C","C/T","C/T","C/C","C/C","T/T","C/T","C/T","C/T","C/C","C/T","T/T","T/T","C/C","T/T","T/T","C/T","C/T","C/C","C/C","C/C","C/C","C/C","C/C","C/C","C/C","C/C","C/C","C/C","C/C","C/C","C/C","C/C","?/?","C/C","C/C","C/C","C/C","C/C","C/C","C/C","C/C","C/C","C/C","C/C","C/C","C/C","C/C","C/C","C/C","C/C","C/C","C/C","C/C","C/C","C/C","C/C","C/C","C/C","C/C","C/C","T/T","T/T","C/C","C/C","C/C","C/C","C/C","T/T","T/T","C/C","C/C","C/C","C/C","T/T","T/T","T/T","C/C","T/T","T/T","?/?","C/C","C/C","C/C","C/C","C/C","C/C","C/C","C/C","C/C","C/C","C/C","C/C","C/C"
"3","PZA00084.3",3541,"7","43948320","","","PZA00084","AY106170","AY106170","random",7683,10548,0,0,0,"C/C","C/C","C/C","T/T","C/C","C/C","C/C","C/C","T/T","T/T","C/C","C/C","C/C","C/C","C/C","C/C","C/C","C/C","C/C","C/T","T/T","C/C","?/?","C/T","C/C","?/?","C/T","C/C","T/T","?/?","C/C","C/C","C/T","C/T","C/T","T/T","C/T","C/C","C/C","C/C","C/C","C/C","C/C","C/C","C/C","C/C","C/C","C/T","C/C","C/C","C/C","T/T","C/C","C/C","?/?","C/C","C/C","C/C","C/C","C/C","C/C","C/C","C/C","C/T","C/C","C/T","C/C","C/T","C/T","C/C","C/C","C/C","C/C","C/C","C/T","C/T","?/?","C/C","C/C","C/C","C/C","C/C","C/C","C/C","C/C","C/C","C/C","C/T","C/C","?/?","C/T","C/C","?/?","C/C","C/T","?/?","C/T","C/C","T/T","C/T","C/C","C/C","C/T","T/T","C/C","C/C","C/C","C/T","C/T","T/T","C/C","?/?","C/T","T/T","T/T","C/T","C/C","T/T","C/C","C/C","C/T","C/C","?/?","C/T","C/T","C/C","?/?","C/T","C/C","C/T","C/T","C/T","C/C","C/T","?/?","C/C","C/C","C/C","C/C","C/T","C/T","C/T","C/T","C/C","C/T","C/T","C/C","C/C","C/C","C/C","C/T","C/C","C/C","C/T","C/C","C/C","C/C","C/C","C/T","C/C","C/C","C/C","C/C","C/C","C/T","C/T","C/C","C/C","C/T","C/C","C/C","C/C","C/T","C/C","C/T","C/T","T/T","C/C","C/C","C/C","C/T","C/C","C/T","C/C","C/C","C/C","C/C","C/C","C/C","C/C","C/T","C/C","C/T","C/T","C/T","C/C","C/C","C/C","C/T","C/C","C/C","?/?","C/T","C/C","C/T","C/T","C/C","C/T","C/T","?/?","?/?","C/T","C/C","C/T","C/T","?/?","C/C","C/C","C/C","C/C","C/C","C/C","C/C","C/C","C/T","C/T","?/?","C/C","C/T","?/?","C/C","C/T","C/C","C/T","C/C","C/T","C/T","C/T","T/T","C/T","C/T","C/C","C/C","C/C","C/C","C/T","C/C","C/C","C/C","C/T","C/C","?/?","C/T","C/C","C/C","C/T","C/C","C/C","C/C","C/C","C/C","C/C","C/C","C/C","C/C","C/C","C/C","C/C","T/T","C/C","C/T","C/T","C/C","C/T","C/T","C/C","?/?","C/C","C/C","C/C","C/T","T/T","C/T","C/C","C/C","C/T","C/C","C/T","T/T","C/C","C/T","C/T","T/T","T/T","C/T","C/T","?/?","C/T","T/T","T/T","C/C","C/C","T/T","C/T","C/T","T/T","C/C","C/T","C/T","C/T","?/?","C/T","C/C","C/T","C/C","C/C","C/C","C/C","C/C","C/C","C/T","C/T","C/C","C/C","C/C","C/T","C/C","C/T","C/T","C/T","C/T","C/T","C/C","C/C","C/T","C/T","C/C","C/C","C/C","C/C","C/C","C/C","C/C","C/C","C/C","C/C","C/C","C/C","C/C","C/C","C/T","C/C","C/T","C/T","C/C","C/C","C/C","C/C","C/C","C/C","C/C","?/?","C/C","C/C","C/T","C/C","C/C","C/C","C/T","C/C","C/C","C/C","C/T","C/C","?/?","?/?","C/C","C/T","C/C","C/C","C/T","C/C","C/C","C/T","C/C","C/C","C/C","T/T","C/C","C/C","C/C","C/C","C/C","C/C","C/C","C/C","C/C","C/C","C/T","C/T","C/C","C/T","C/C","C/C","C/C","C/C","C/C","C/C","C/C","C/C","C/T","C/C","C/C","C/C","C/C","C/C","C/C","C/T","C/T","C/T","C/C","C/C","C/C","C/C","C/T","C/T","C/C","C/C","C/C","C/C","C/C","C/T","C/T","C/T","C/C","C/C","C/T","C/T","C/T","C/C","C/C","C/C","C/C","C/C","C/T","C/T","C/C","C/C","C/T","C/C","C/C","C/C","C/C","C/C","T/T","C/C","C/C","C/C","C/C","T/T","C/T","C/C","C/T","C/T","T/T","C/T","C/T","C/C","C/T","C/C","C/T","C/C","C/C","?/?","T/T","C/C","C/T","C/T","T/T","C/T","C/C","C/C","C/T","C/T","C/C","C/C","C/T","C/T","C/T","C/C","C/C","C/C","C/C","C/T","C/T","C/C","C/T","C/T","C/C","C/C","C/C","C/T","C/T","C/C","T/T","C/T","T/T","C/T","C/T","C/T","C/T","?/?","C/C","C/T","C/C","C/C","C/T","C/T","C/C","C/C","C/C","C/C","C/T","C/C","C/C","C/T","C/T","C/T","T/T","C/T","C/C","C/T","C/T","C/C","C/C","?/?","C/C","C/T","C/C","C/C","C/T","C/T","C/T","C/C","C/C","C/C","C/C","C/T","C/C","C/C","C/C","C/T","C/C","C/C","C/C","C/C","C/C","C/C","C/C","C/C","C/C","C/C","C/C","C/C","C/C","C/C","C/C","C/C","C/C","C/C","C/C","C/C","C/C","C/C","C/C","C/C","C/C","C/C","C/C","C/C","C/T","C/C","C/C","C/C","C/C","C/C","C/T","C/C","C/C","?/?","C/C","C/C","C/C","C/C","C/C","C/T","C/C","C/T","C/T","C/T","C/T","C/T","C/C","C/T","C/C","C/T","C/C","C/T","C/C","C/C","C/C","C/C","C/C","C/T","C/C","C/C","C/C","C/C","C/T","C/C","C/C","C/C","C/T","C/C","C/T","C/T","C/T","C/C","C/C","C/C","C/T","?/?","C/T","C/T","C/C","C/C","C/C","C/T","C/C","C/C","C/C","C/C","C/C","C/T","C/C","C/T","C/C","C/T","C/C","C/T","C/C","C/C","C/C","C/C","C/T","C/C","C/C","?/?","C/C","C/C","C/T","C/C","C/C","C/C","C/C","C/C","C/C","C/C","C/C","C/T","C/C","C/C","C/C","C/C","C/T","C/C","C/T","C/C","C/C","T/T","C/C","C/C","C/C","C/T","C/C","C/C","C/C","C/C","C/C","C/C","C/C","C/C","C/C","C/C","C/T","C/C","C/T","C/C","C/C","C/T","C/C","C/C","C/C","C/C","C/C","C/C","C/C","C/C","C/C","C/C","C/C","C/C","C/C","C/C","C/C","C/C","C/T","C/C","C/C","C/C","C/C","C/C","C/C","C/C","C/C","C/C","C/C","?/?","C/C","C/C","C/C","C/C","C/C","C/C","C/C","C/C","C/T","C/T","C/C","C/C","C/C","C/T","C/C","C/C","C/C","C/C","C/C","C/C","C/C","C/C","C/C","C/T","T/T","C/C","C/C","C/T","C/C","C/C","C/C","C/C","C/T","C/C","C/C","C/C","C/C","C/T","C/C","C/T","C/T","C/C","?/?","C/C","C/T","C/C","C/C","C/T","C/C","C/T","C/C","C/C","C/C","C/C","C/T","C/T","C/C","C/T","C/C","C/C","C/C","C/T","C/T","C/T","C/T","C/C","C/T","C/C","C/C","C/T","C/T","C/C","C/C","C/C","C/C","C/T","C/C","C/C","C/C","C/C","C/C","C/T","C/C","C/C","C/C","C/C","C/C","C/C","C/C","C/C","C/C","C/T","C/C","C/C","C/T","C/C","C/C","C/T","C/C","C/C","?/?","C/C","C/C","C/C","C/C","C/C","C/C","C/C","C/T","C/C","C/C","C/C","C/C","C/C","C/T","T/T","C/C","C/C","C/C","C/C","C/C","C/C","C/C","C/C","C/C","?/?","C/T","?/?","C/C","?/?","C/C","C/C","C/C","C/T","C/C","C/T","C/C","T/T","C/C","C/T","C/C","?/?","C/T","C/C","C/C","C/T","C/T","C/C","C/T","T/T","C/C","C/C","?/?","C/C","C/T","?/?","C/C","C/C","T/T","C/T","T/T","C/T","C/C","C/T","T/T","T/T","C/C","T/T","T/T","C/T","C/T","C/C","C/C","C/C","C/C","C/T","C/C","C/C","C/C","C/C","C/T","C/C","C/C","C/C","C/C","C/C","C/C","C/C","C/C","C/C","C/C","C/C","C/C","C/C","C/C","C/C","C/C","C/C","C/C","C/C","C/C","C/C","C/C","C/C","C/C","C/C","C/C","C/C","C/C","C/C","C/C","C/C","C/C","C/C","T/T","T/T","C/C","C/C","C/T","C/C","C/C","T/T","T/T","C/C","C/C","C/C","C/C","T/T","T/T","?/?","C/C","T/T","T/T","T/T","C/C","C/C","C/C","C/C","C/C","C/C","C/C","C/C","C/C","C/C","C/C","C/C","C/C"
"73","PZB00175.5",6191,"7","104898448","","","PZB00175","Ramosa1","ra1","candidate",8240,11521,0,0,0,"G/G","G/G","G/G","G/G","G/G","G/G","A/G","G/G","G/G","G/G","G/G","G/G","G/G","G/G","G/G","G/G","G/G","G/G","G/G","G/G","G/G","G/G","G/G","G/G","G/G","G/G","G/G","G/G","G/G","G/G","G/G","G/G","G/G","G/G","G/G","G/G","A/G","G/G","G/G","G/G","G/G","G/G","G/G","G/G","G/G","A/G","G/G","?/?","G/G","G/G","G/G","A/G","G/G","G/G","G/G","A/G","G/G","G/G","G/G","G/G","G/G","A/G","G/G","G/G","G/G","G/G","A/G","A/G","G/G","G/G","G/G","G/G","G/G","G/G","G/G","G/G","G/G","G/G","G/G","G/G","G/G","G/G","G/G","G/G","G/G","G/G","G/G","G/G","G/G","G/G","A/G","G/G","G/G","G/G","G/G","G/G","A/G","G/G","G/G","A/G","G/G","G/G","G/G","G/G","G/G","G/G","G/G","G/G","G/G","G/G","G/G","G/G","G/G","G/G","G/G","G/G","G/G","G/G","G/G","G/G","G/G","G/G","G/G","G/G","G/G","A/G","G/G","G/G","G/G","G/G","G/G","G/G","A/G","G/G","G/G","A/G","G/G","G/G","G/G","G/G","G/G","G/G","G/G","G/G","A/G","A/G","G/G","G/G","A/G","A/G","A/G","G/G","G/G","G/G","G/G","G/G","G/G","A/G","A/A","G/G","G/G","G/G","G/G","G/G","G/G","G/G","G/G","G/G","G/G","G/G","G/G","G/G","G/G","G/G","G/G","G/G","G/G","G/G","G/G","G/G","G/G","G/G","G/G","G/G","G/G","G/G","G/G","G/G","G/G","G/G","A/A","G/G","G/G","G/G","G/G","G/G","G/G","G/G","G/G","G/G","G/G","A/G","G/G","G/G","G/G","G/G","A/G","G/G","G/G","G/G","A/G","G/G","G/G","A/G","G/G","G/G","G/G","G/G","G/G","G/G","G/G","G/G","G/G","G/G","G/G","G/G","G/G","G/G","G/G","G/G","G/G","G/G","G/G","G/G","G/G","G/G","G/G","G/G","G/G","G/G","G/G","G/G","G/G","G/G","G/G","A/G","G/G","G/G","G/G","G/G","G/G","G/G","G/G","G/G","G/G","G/G","G/G","G/G","G/G","G/G","G/G","G/G","G/G","G/G","G/G","G/G","G/G","G/G","G/G","G/G","G/G","G/G","A/G","G/G","G/G","G/G","G/G","G/G","G/G","G/G","G/G","G/G","G/G","G/G","A/G","G/G","G/G","G/G","G/G","G/G","G/G","G/G","G/G","G/G","G/G","G/G","G/G","G/G","G/G","G/G","G/G","G/G","G/G","G/G","G/G","G/G","G/G","G/G","G/G","G/G","G/G","G/G","G/G","A/G","G/G","G/G","G/G","A/A","G/G","G/G","G/G","G/G","G/G","G/G","G/G","G/G","G/G","G/G","G/G","A/G","G/G","A/G","G/G","G/G","G/G","G/G","G/G","G/G","G/G","G/G","G/G","G/G","G/G","G/G","G/G","G/G","G/G","G/G","G/G","G/G","G/G","G/G","G/G","G/G","G/G","G/G","G/G","G/G","G/G","G/G","G/G","A/G","G/G","G/G","G/G","G/G","G/G","G/G","G/G","G/G","G/G","G/G","G/G","G/G","G/G","G/G","G/G","G/G","G/G","G/G","G/G","G/G","G/G","G/G","G/G","G/G","G/G","G/G","G/G","G/G","G/G","G/G","G/G","G/G","G/G","G/G","G/G","G/G","G/G","G/G","G/G","G/G","A/G","G/G","G/G","G/G","G/G","G/G","G/G","G/G","G/G","G/G","G/G","G/G","G/G","G/G","G/G","G/G","G/G","G/G","G/G","G/G","G/G","G/G","G/G","G/G","G/G","G/G","G/G","G/G","G/G","G/G","G/G","G/G","G/G","G/G","G/G","G/G","G/G","G/G","G/G","G/G","G/G","G/G","G/G","G/G","G/G","G/G","G/G","G/G","G/G","G/G","G/G","G/G","G/G","G/G","G/G","G/G","G/G","G/G","G/G","G/G","G/G","G/G","G/G","G/G","G/G","G/G","A/G","G/G","G/G","G/G","G/G","G/G","A/G","G/G","G/G","G/G","A/G","G/G","G/G","G/G","G/G","G/G","G/G","G/G","G/G","A/G","G/G","A/G","G/G","G/G","G/G","G/G","G/G","G/G","G/G","G/G","G/G","G/G","G/G","G/G","G/G","G/G","G/G","G/G","G/G","G/G","G/G","A/G","G/G","A/G","G/G","G/G","G/G","G/G","A/G","G/G","G/G","G/G","G/G","G/G","G/G","G/G","G/G","G/G","G/G","G/G","G/G","G/G","G/G","A/G","G/G","G/G","G/G","A/G","G/G","G/G","G/G","G/G","G/G","G/G","G/G","G/G","G/G","G/G","G/G","G/G","G/G","G/G","G/G","A/G","G/G","G/G","G/G","G/G","G/G","G/G","G/G","G/G","G/G","G/G","G/G","G/G","G/G","G/G","G/G","G/G","G/G","G/G","G/G","G/G","G/G","G/G","G/G","G/G","G/G","G/G","G/G","G/G","G/G","G/G","G/G","G/G","G/G","G/G","G/G","G/G","G/G","G/G","G/G","G/G","G/G","G/G","G/G","G/G","G/G","G/G","G/G","G/G","G/G","G/G","G/G","G/G","G/G","G/G","G/G","G/G","G/G","G/G","G/G","G/G","G/G","G/G","G/G","G/G","G/G","G/G","G/G","G/G","G/G","G/G","G/G","G/G","A/G","G/G","G/G","G/G","G/G","G/G","G/G","G/G","A/G","G/G","A/G","G/G","G/G","G/G","G/G","A/G","G/G","G/G","A/G","G/G","G/G","G/G","G/G","A/G","G/G","G/G","G/G","G/G","G/G","G/G","G/G","G/G","G/G","G/G","G/G","G/G","G/G","G/G","G/G","G/G","G/G","G/G","G/G","G/G","G/G","G/G","G/G","G/G","G/G","G/G","G/G","G/G","G/G","G/G","G/G","G/G","G/G","G/G","G/G","A/G","G/G","G/G","G/G","G/G","G/G","G/G","G/G","G/G","G/G","G/G","G/G","G/G","G/G","A/G","G/G","G/G","G/G","A/G","G/G","G/G","G/G","G/G","G/G","G/G","G/G","G/G","G/G","G/G","G/G","G/G","G/G","G/G","G/G","G/G","G/G","G/G","G/G","G/G","G/G","G/G","G/G","G/G","G/G","G/G","G/G","G/G","G/G","G/G","G/G","G/G","G/G","G/G","G/G","G/G","G/G","G/G","G/G","G/G","G/G","G/G","G/G","G/G","G/G","G/G","G/G","G/G","G/G","G/G","G/G","G/G","G/G","G/G","G/G","G/G","G/G","G/G","G/G","G/G","G/G","G/G","G/G","G/G","G/G","G/G","G/G","A/G","G/G","G/G","G/G","A/G","G/G","G/G","G/G","G/G","G/G","G/G","G/G","A/G","G/G","G/G","A/A","G/G","G/G","A/G","G/G","G/G","G/G","G/G","G/G","G/G","G/G","G/G","G/G","G/G","G/G","G/G","G/G","G/G","G/G","G/G","G/G","G/G","G/G","G/G","G/G","G/G","G/G","G/G","G/G","A/G","G/G","G/G","G/G","G/G","G/G","G/G","G/G","G/G","G/G","G/G","G/G","G/G","G/G","G/G","G/G","G/G","G/G","G/G","G/G","G/G","G/G","G/G","G/G","G/G","G/G","G/G","G/G","G/G","G/G","G/G","G/G","G/G","G/G","G/G","G/G","G/G","G/G","G/G","G/G","G/G","G/G","G/G","G/G","A/G","G/G","G/G","G/G","G/G","G/G","G/G","G/G","G/G","G/G","G/G","G/G","G/G","G/G","G/G","G/G","G/G","G/G","G/G","G/G","G/G","G/G","G/G","G/G","G/G","G/G","G/G","G/G","G/G","G/G","G/G","G/G","G/G","G/G","G/G","G/G","G/G","G/G","G/G","G/G","G/G","G/G","G/G","G/G","G/G","G/G","G/G","G/G","G/G","G/G","A/G","G/G","G/G","G/G","G/G","G/G","G/G","G/G","G/G","G/G","G/G","G/G","G/G","G/G","G/G","G/G","G/G","G/G","G/G","G/G","G/G","G/G","G/G","G/G","G/G","G/G","G/G","G/G","G/G","G/G","G/G","G/G","G/G","G/G","G/G","G/G","G/G","G/G","G/G","G/G","G/G","G/G","G/G","G/G","G/G","G/G","G/G","G/G","G/G","G/G","G/G","G/G","G/G","G/G","G/G","G/G","G/G","G/G","G/G","G/G","G/G","G/G","G/G","G/G","G/G","G/G","G/G","G/G"
"70","PZB00175.2",6188,"7","104898467","","","PZB00175","Ramosa1","ra1","candidate",10083,11518,0,0,0,"C/C","C/C","C/C","C/C","C/C","C/C","C/C","C/C","C/C","C/C","C/C","C/C","C/C","C/C","C/C","C/C","C/C","C/C","C/C","C/C","C/C","C/C","C/C","C/C","C/C","C/C","C/C","C/C","C/C","C/C","C/C","C/C","C/C","C/C","C/C","C/C","C/C","C/C","C/C","C/C","C/C","C/C","C/C","C/C","C/C","C/T","C/C","C/C","C/C","C/C","C/C","C/C","C/C","C/C","C/C","C/T","C/C","C/C","C/C","C/C","C/C","C/T","C/C","C/C","C/C","C/C","C/T","C/C","C/C","C/C","C/C","C/C","C/C","C/C","C/C","C/C","C/C","C/C","C/C","C/C","C/C","C/C","C/C","C/C","C/C","C/C","C/C","C/C","C/C","C/C","C/C","C/C","C/C","C/C","C/C","C/C","C/C","C/C","C/C","C/C","C/C","C/C","C/C","C/C","C/C","C/C","C/C","C/C","C/C","C/C","C/C","C/C","C/C","C/C","C/C","C/C","C/C","C/C","C/C","C/C","C/C","C/C","C/C","C/C","C/C","C/T","C/C","C/C","C/C","C/C","C/C","C/C","C/T","C/C","C/C","C/T","C/C","C/C","C/C","C/C","C/C","C/C","C/C","C/C","C/T","C/T","C/C","C/C","C/T","C/T","C/T","C/C","C/C","C/C","C/C","C/C","C/C","C/T","T/T","C/C","C/C","C/C","C/C","C/C","C/C","C/C","C/C","C/C","C/C","C/C","C/C","C/C","C/C","C/C","C/C","C/C","C/C","C/C","C/C","C/C","C/C","C/C","C/C","C/C","C/C","C/C","C/C","C/C","C/C","C/C","T/T","C/C","C/C","C/T","C/C","C/C","C/C","C/C","C/C","C/C","C/C","C/T","C/C","C/C","C/C","C/C","C/T","C/C","C/C","C/C","C/T","C/C","C/C","C/T","C/C","C/C","C/C","C/C","C/C","C/C","C/C","C/C","C/C","C/C","C/C","C/C","C/C","C/C","C/C","C/C","C/C","C/C","C/C","C/C","C/C","C/C","C/C","C/C","C/C","C/C","C/C","C/C","C/C","C/C","C/C","C/C","C/C","C/C","C/C","C/C","C/C","C/C","C/C","C/C","C/C","C/C","C/C","C/C","C/C","C/C","C/C","C/C","C/C","C/C","C/C","C/C","C/C","C/C","C/C","C/C","C/C","C/C","C/C","C/C","C/C","C/C","C/C","C/C","C/C","C/C","C/C","C/C","C/C","C/C","C/C","C/C","C/C","C/C","C/C","C/C","C/C","C/C","C/C","C/C","C/C","C/C","C/C","C/C","C/C","C/C","C/C","C/C","C/C","C/C","C/C","C/C","C/C","C/C","C/C","C/C","C/C","C/C","C/C","C/C","C/C","C/C","C/C","T/T","C/C","C/C","C/C","C/C","C/C","C/C","C/C","C/C","C/C","C/C","C/C","C/C","C/C","C/C","C/C","C/C","C/C","C/C","C/C","C/C","C/C","C/C","C/C","C/C","C/C","C/C","C/C","C/C","C/C","C/C","C/C","C/C","C/C","C/C","C/C","C/C","C/C","C/C","C/C","C/C","C/C","C/C","C/C","C/C","C/C","C/C","C/C","C/C","C/C","C/C","C/C","C/C","C/C","C/C","C/C","C/C","C/C","C/C","C/C","C/C","C/C","C/C","C/C","C/C","C/C","C/C","C/C","C/C","C/C","C/C","C/C","C/C","C/C","C/C","C/C","C/C","C/C","C/C","C/C","C/C","C/C","C/C","C/C","C/C","C/C","C/C","C/C","C/C","C/C","C/C","C/C","C/C","C/C","C/C","C/C","C/C","C/C","C/C","C/C","C/C","C/C","C/C","C/C","C/C","C/C","C/C","C/C","C/C","C/C","C/C","C/C","C/C","C/C","C/C","C/C","C/C","C/C","C/C","C/C","C/C","C/C","C/C","C/C","C/C","C/C","C/C","C/C","C/C","C/C","C/C","C/C","C/C","C/C","C/C","C/C","C/C","C/C","C/C","C/C","C/C","C/C","C/C","C/C","C/C","C/C","C/C","C/C","C/C","C/C","C/C","C/C","C/C","C/C","C/C","C/C","C/C","C/C","C/C","C/C","C/C","C/C","C/C","C/C","C/C","C/C","C/C","C/C","C/C","C/C","C/T","C/C","C/T","C/C","C/C","C/C","C/C","C/C","C/C","C/C","C/C","C/C","C/C","C/C","C/C","C/C","C/C","C/C","C/C","C/C","C/C","C/C","T/T","C/C","C/C","C/C","C/C","C/C","C/C","C/C","C/C","C/C","C/C","C/C","C/C","C/C","C/C","C/C","C/C","C/C","C/C","C/C","C/C","C/C","C/C","C/C","C/C","C/C","C/C","C/C","C/C","C/C","C/C","C/C","C/C","C/C","C/C","C/C","C/C","C/C","C/C","C/C","C/C","C/C","C/C","C/C","C/C","C/C","C/C","C/C","C/C","C/C","C/C","C/C","C/C","C/C","C/C","C/C","C/C","C/C","C/C","C/C","C/C","C/C","C/C","C/C","C/C","C/C","C/C","C/C","C/C","C/C","C/C","C/C","C/C","C/C","C/C","C/C","C/C","C/C","C/C","C/C","C/C","C/C","C/C","C/C","C/C","C/C","C/T","C/C","C/C","C/C","C/C","C/C","C/C","C/C","C/C","C/C","C/C","C/C","C/T","C/C","C/C","C/C","C/C","C/C","C/C","C/C","C/C","C/C","C/C","C/C","C/C","C/C","C/C","C/C","C/C","C/C","C/C","C/C","C/C","C/C","C/C","C/C","C/C","C/T","C/C","C/C","C/C","C/C","C/C","C/C","C/T","C/C","C/C","C/C","C/C","C/C","C/C","C/C","C/C","C/C","C/C","C/C","C/C","C/C","C/C","C/C","C/C","C/C","C/C","C/C","C/C","C/C","C/C","C/C","C/C","C/C","C/C","C/C","C/C","C/C","C/C","C/C","C/C","C/C","C/C","C/C","C/C","C/C","C/C","C/C","C/C","C/C","C/C","C/C","C/C","C/C","C/C","C/C","C/C","C/C","C/C","C/C","C/C","C/C","C/C","C/C","C/C","C/C","C/C","C/C","C/C","C/C","C/C","C/C","C/C","C/C","C/C","C/C","C/C","C/C","C/C","C/C","C/C","C/C","C/C","C/C","C/C","C/C","C/C","C/C","C/C","C/C","C/C","C/C","C/C","C/C","C/C","C/C","C/C","C/C","C/C","C/C","C/C","C/C","C/C","C/C","C/C","C/C","C/C","C/C","C/C","C/C","C/C","C/C","C/C","C/C","C/C","C/C","C/C","C/C","C/C","C/C","C/C","C/C","C/C","C/C","C/C","C/C","C/C","C/C","C/C","C/C","C/C","C/C","C/C","C/C","C/C","C/C","C/C","C/C","C/C","C/C","C/C","C/C","C/C","C/C","C/C","C/C","C/C","C/C","C/C","C/C","C/C","C/C","C/C","C/C","C/C","C/C","C/T","C/C","C/C","C/C","C/C","C/C","C/C","C/C","C/C","C/C","C/C","C/C","C/C","C/C","C/C","C/C","C/C","C/C","C/C","C/C","C/C","C/C","C/C","C/C","C/C","C/C","C/C","C/C","C/C","C/C","C/C","C/C","C/C","C/C","C/C","C/C","C/C","C/C","C/C","C/C","C/C","C/C","C/C","C/C","C/C","C/C","C/C","C/C","C/C","C/C","C/C","C/C","C/C","C/C","C/C","C/C","C/C","C/C","C/C","C/C","C/C","C/C","C/C","C/C","C/C","C/C","C/C","C/C","C/C","C/C","C/C","C/C","C/C","C/C","C/C","C/C","C/C","C/C","C/C","C/C","C/C","C/C","C/C","C/C","C/C","C/C","C/C","C/C","C/C","C/C","C/C","C/C","C/C","C/C","C/C","C/C","C/C","C/C","C/C","C/C","C/C","C/C","C/C","C/C","C/C","C/C","C/C","C/C","C/C","C/C","C/C","C/C","C/C","C/C","C/C","C/C","C/C","C/C","C/C","C/C","C/T","C/C","C/C","C/C","C/C","C/C","C/C","C/C","C/C","C/C","C/C","C/C","C/C","C/C","C/C","C/C","C/C","C/C","C/C","C/C","C/C","C/C","C/C","C/C","C/C","C/C","C/C","C/C","C/C","C/C","C/C","C/C","C/C","C/C","C/C","C/C","C/C","C/C","C/C","C/C","C/C","C/C","C/C","C/C","C/C","C/C","C/C","C/C","C/C","C/C","C/C","C/C","C/C","C/C","C/C","C/C","C/C","C/C","C/C","C/C","C/C","C/C","C/C","C/C","C/C","C/C","C/C","C/C"
"95","PZD00073.1",6595,"7","104898544","","","PZD00073","ra1","ra1","candidate",8377,11774,1,1,1,"C/T","C/T","T/T","C/C","C/T","T/T","T/T","T/T","C/C","T/T","C/T","T/T","T/T","C/T","C/T","T/T","C/T","C/C","C/C","C/C","C/T","?/?","C/C","?/?","?/?","C/C","T/T","C/C","?/?","?/?","C/T","C/C","C/C","C/C","C/T","?/?","T/T","C/C","T/T","C/T","C/T","?/?","T/T","?/?","C/C","T/T","T/T","?/?","T/T","C/T","C/C","C/T","T/T","C/T","C/C","T/T","C/T","T/T","T/T","T/T","C/T","T/T","C/T","T/T","C/T","T/T","C/T","T/T","T/T","C/T","T/T","C/T","T/T","T/T","C/T","?/?","T/T","T/T","C/C","C/T","T/T","C/C","T/T","C/T","T/T","T/T","T/T","C/T","?/?","T/T","C/T","T/T","C/T","T/T","C/T","C/T","?/?","C/T","C/T","T/T","T/T","T/T","C/T","T/T","T/T","?/?","?/?","T/T","T/T","T/T","T/T","?/?","T/T","C/T","T/T","T/T","T/T","T/T","T/T","T/T","T/T","T/T","T/T","?/?","T/T","T/T","T/T","T/T","T/T","C/T","T/T","T/T","T/T","T/T","T/T","T/T","T/T","T/T","T/T","C/T","T/T","T/T","T/T","T/T","T/T","?/?","T/T","T/T","C/T","?/?","T/T","T/T","C/T","T/T","T/T","C/T","C/T","T/T","T/T","T/T","T/T","C/T","?/?","T/T","T/T","C/C","C/C","T/T","C/C","C/C","T/T","T/T","T/T","C/T","T/T","C/T","T/T","T/T","T/T","T/T","T/T","C/T","C/T","C/C","C/C","C/C","C/C","C/C","C/T","C/T","T/T","C/C","T/T","C/T","C/C","T/T","?/?","T/T","C/T","?/?","T/T","T/T","?/?","?/?","T/T","C/T","?/?","T/T","?/?","?/?","T/T","T/T","T/T","T/T","T/T","T/T","T/T","T/T","T/T","T/T","T/T","T/T","T/T","T/T","T/T","T/T","?/?","T/T","T/T","T/T","T/T","T/T","T/T","?/?","T/T","?/?","T/T","?/?","?/?","T/T","T/T","T/T","?/?","T/T","T/T","T/T","T/T","T/T","T/T","T/T","T/T","?/?","T/T","T/T","T/T","T/T","T/T","T/T","T/T","T/T","T/T","T/T","T/T","T/T","T/T","T/T","T/T","T/T","?/?","T/T","T/T","C/T","T/T","T/T","T/T","T/T","T/T","T/T","T/T","T/T","T/T","C/T","T/T","?/?","T/T","T/T","T/T","T/T","?/?","T/T","T/T","T/T","T/T","T/T","T/T","T/T","T/T","T/T","T/T","T/T","T/T","T/T","T/T","?/?","?/?","T/T","T/T","T/T","T/T","T/T","T/T","C/T","T/T","T/T","T/T","T/T","?/?","T/T","C/T","T/T","C/C","T/T","?/?","T/T","T/T","T/T","T/T","T/T","C/T","?/?","T/T","C/T","T/T","T/T","T/T","T/T","T/T","T/T","T/T","T/T","T/T","T/T","T/T","T/T","C/T","T/T","T/T","C/T","T/T","T/T","T/T","T/T","T/T","T/T","T/T","T/T","T/T","T/T","T/T","T/T","?/?","?/?","T/T","T/T","T/T","T/T","C/T","T/T","T/T","?/?","C/C","T/T","T/T","C/T","C/T","T/T","T/T","C/T","C/T","T/T","C/T","C/T","T/T","T/T","T/T","T/T","C/C","T/T","T/T","?/?","T/T","T/T","C/T","T/T","T/T","T/T","T/T","C/T","T/T","C/T","C/T","T/T","T/T","C/C","T/T","C/T","C/C","T/T","C/T","T/T","T/T","T/T","C/T","T/T","C/T","T/T","T/T","T/T","T/T","C/T","T/T","C/T","T/T","T/T","C/T","T/T","C/T","C/T","T/T","C/T","C/T","T/T","T/T","C/T","T/T","?/?","C/T","C/C","T/T","T/T","C/T","C/T","T/T","T/T","C/T","T/T","T/T","C/T","C/T","C/T","C/T","T/T","T/T","T/T","?/?","T/T","?/?","C/C","C/T","T/T","T/T","T/T","T/T","C/T","?/?","T/T","?/?","T/T","?/?","?/?","T/T","T/T","T/T","T/T","T/T","T/T","T/T","T/T","T/T","T/T","C/T","T/T","T/T","C/T","T/T","C/C","T/T","T/T","T/T","T/T","T/T","T/T","T/T","T/T","C/T","T/T","T/T","T/T","C/C","T/T","C/T","T/T","T/T","C/T","T/T","T/T","C/C","T/T","T/T","T/T","T/T","T/T","C/C","T/T","?/?","?/?","T/T","T/T","T/T","C/C","C/T","T/T","?/?","T/T","T/T","T/T","C/T","C/C","C/C","T/T","T/T","T/T","C/C","T/T","C/T","?/?","T/T","?/?","C/T","T/T","C/C","T/T","?/?","?/?","T/T","T/T","?/?","C/T","C/T","T/T","T/T","T/T","?/?","T/T","T/T","T/T","?/?","?/?","T/T","T/T","T/T","T/T","?/?","T/T","T/T","T/T","?/?","?/?","T/T","T/T","T/T","T/T","T/T","T/T","?/?","T/T","T/T","T/T","C/T","C/T","C/T","T/T","T/T","T/T","T/T","C/T","T/T","T/T","T/T","T/T","T/T","C/C","T/T","T/T","?/?","?/?","T/T","T/T","T/T","T/T","T/T","T/T","T/T","T/T","T/T","T/T","T/T","?/?","T/T","T/T","T/T","T/T","T/T","T/T","T/T","T/T","C/T","T/T","T/T","T/T","C/C","C/T","T/T","T/T","T/T","T/T","?/?","T/T","C/T","T/T","T/T","T/T","T/T","C/T","T/T","?/?","T/T","C/T","T/T","T/T","C/T","C/T","T/T","T/T","C/T","?/?","T/T","T/T","T/T","T/T","C/C","C/C","T/T","T/T","T/T","T/T","?/?","T/T","T/T","T/T","T/T","T/T","T/T","T/T","T/T","T/T","T/T","T/T","T/T","T/T","T/T","T/T","T/T","?/?","T/T","?/?","T/T","T/T","T/T","T/T","T/T","T/T","C/T","C/T","T/T","T/T","T/T","T/T","T/T","C/T","T/T","T/T","T/T","T/T","T/T","T/T","T/T","T/T","?/?","T/T","C/C","T/T","T/T","T/T","T/T","T/T","?/?","T/T","T/T","T/T","T/T","T/T","T/T","T/T","T/T","T/T","T/T","T/T","T/T","?/?","T/T","T/T","T/T","C/T","T/T","T/T","T/T","C/T","T/T","T/T","T/T","T/T","C/T","?/?","T/T","C/T","T/T","?/?","T/T","T/T","T/T","T/T","?/?","T/T","T/T","?/?","T/T","?/?","C/C","T/T","T/T","T/T","T/T","?/?","T/T","T/T","T/T","?/?","T/T","?/?","T/T","?/?","T/T","T/T","T/T","T/T","T/T","C/T","T/T","T/T","T/T","T/T","T/T","T/T","T/T","?/?","T/T","T/T","?/?","C/T","T/T","T/T","T/T","T/T","T/T","T/T","?/?","C/T","T/T","T/T","T/T","C/T","T/T","C/C","C/T","T/T","T/T","T/T","T/T","T/T","T/T","T/T","T/T","?/?","T/T","T/T","T/T","T/T","T/T","T/T","T/T","T/T","T/T","?/?","T/T","T/T","T/T","T/T","?/?","T/T","T/T","T/T","?/?","T/T","T/T","T/T","C/T","T/T","?/?","T/T","T/T","T/T","T/T","T/T","T/T","T/T","T/T","?/?","T/T","T/T","T/T","T/T","T/T","T/T","T/T","T/T","T/T","T/T","?/?","T/T","T/T","T/T","T/T","?/?","?/?","T/T","C/T","?/?","T/T","T/T","T/T","T/T","T/T","T/T","?/?","T/T","T/T","T/T","T/T","T/T","T/T","C/C","T/T","T/T","T/T","T/T","T/T","T/T","T/T","T/T","T/T","T/T","?/?","C/T","T/T","C/C","C/T","C/T","T/T","C/C","T/T","T/T","C/T","T/T","T/T","T/T","T/T","C/T","T/T","T/T","T/T","C/T","T/T","T/T","T/T","T/T","T/T","T/T","T/T","T/T","T/T","T/T","T/T","T/T","T/T","T/T","T/T","T/T","T/T","T/T","T/T","T/T","T/T","T/T","T/T","T/T","C/T","C/T","C/C","C/C","T/T","C/T","T/T","T/T","C/C","C/C","C/C","C/C","C/C","T/T","T/T","T/T","C/C","C/C","T/T","T/T","T/T","T/T","T/T","T/T","T/T","C/C","C/C","C/C","C/C","T/T","T/T","T/T","T/T","T/T","T/T","T/T","C/C","C/C","C/C","T/T","T/T","T/T","T/T","T/T","T/T","T/T","T/T","T/T","T/T"
"69","PZB00175.1",6187,"7","104898621","","","PZB00175","Ramosa1","ra1","candidate",8237,11517,1,1,0,"G/G","G/G","G/G","G/G","G/G","G/G","A/G","G/G","G/G","A/G","G/G","G/G","A/A","G/G","A/G","A/A","G/G","G/G","G/G","G/G","G/G","G/G","G/G","G/G","A/G","G/G","A/A","G/G","G/G","G/G","G/G","G/G","G/G","G/G","A/G","G/G","G/G","G/G","A/A","G/G","G/G","A/G","A/A","G/G","G/G","G/G","G/G","G/G","G/G","G/G","G/G","G/G","A/A","G/G","G/G","A/G","G/G","G/G","A/G","A/A","G/G","A/G","A/G","G/G","G/G","A/G","G/G","G/G","A/G","G/G","A/A","G/G","A/G","G/G","A/G","A/G","G/G","G/G","G/G","A/G","G/G","G/G","G/G","A/G","G/G","G/G","G/G","G/G","G/G","A/A","G/G","G/G","A/G","A/G","G/G","A/G","G/G","G/G","A/G","A/G","A/G","A/G","G/G","A/G","A/G","A/G","A/G","A/A","A/A","A/G","A/A","A/A","A/G","G/G","A/A","A/G","A/G","A/G","A/A","A/A","A/A","G/G","G/G","G/G","A/A","G/G","G/G","A/G","A/G","A/G","A/G","A/A","A/G","G/G","A/A","G/G","G/G","A/A","A/A","A/G","A/G","A/G","A/G","A/A","G/G","G/G","A/A","A/A","G/G","A/G","G/G","A/G","G/G","A/G","A/A","G/G","G/G","G/G","G/G","A/A","A/G","G/G","A/G","A/A","A/G","G/G","G/G","A/G","G/G","G/G","A/G","A/G","A/A","G/G","A/G","G/G","G/G","A/A","A/G","A/G","G/G","A/G","G/G","G/G","G/G","G/G","G/G","G/G","G/G","G/G","G/G","G/G","A/G","G/G","G/G","G/G","A/G","A/G","G/G","G/G","A/G","A/G","G/G","G/G","G/G","G/G","G/G","A/G","A/G","G/G","A/G","A/G","G/G","G/G","G/G","G/G","G/G","G/G","A/A","A/G","G/G","A/G","A/G","A/G","A/A","A/G","G/G","A/G","A/G","A/G","A/A","A/A","A/G","A/G","G/G","G/G","G/G","G/G","G/G","A/G","A/G","G/G","G/G","G/G","A/G","G/G","A/A","A/A","A/A","A/G","A/G","A/A","A/A","G/G","A/G","A/G","A/G","A/G","A/A","G/G","G/G","A/G","A/G","A/G","G/G","G/G","G/G","A/G","G/G","A/G","A/G","G/G","G/G","A/G","A/G","A/G","G/G","A/G","A/G","A/A","A/G","A/G","A/A","G/G","A/G","A/A","A/A","A/A","G/G","G/G","A/G","A/G","A/G","A/A","A/G","A/A","G/G","A/A","G/G","G/G","?/?","A/A","A/A","A/A","G/G","G/G","A/A","A/G","A/A","A/A","G/G","G/G","G/G","G/G","A/G","A/G","G/G","G/G","G/G","A/A","G/G","G/G","G/G","G/G","G/G","G/G","A/G","A/G","G/G","G/G","G/G","G/G","G/G","G/G","A/G","G/G","A/A","G/G","A/G","A/G","A/G","A/G","A/G","A/G","A/G","G/G","G/G","A/G","A/G","A/G","A/A","A/G","A/A","A/A","G/G","G/G","G/G","G/G","A/A","A/G","G/G","A/G","G/G","A/G","A/G","G/G","G/G","A/A","G/G","G/G","G/G","G/G","G/G","G/G","G/G","G/G","G/G","G/G","G/G","A/A","A/G","G/G","A/G","A/G","A/G","G/G","G/G","A/G","G/G","G/G","A/A","G/G","G/G","A/G","A/A","A/G","G/G","G/G","G/G","G/G","G/G","G/G","G/G","G/G","G/G","G/G","G/G","G/G","G/G","G/G","A/G","A/G","G/G","G/G","G/G","A/G","A/G","A/A","A/A","A/G","G/G","G/G","G/G","A/G","A/G","A/G","G/G","G/G","A/A","A/G","A/G","A/G","G/G","A/G","A/A","G/G","A/G","G/G","A/A","G/G","A/G","A/G","A/G","G/G","G/G","A/A","A/A","A/G","G/G","G/G","A/G","A/G","A/A","A/G","G/G","A/G","A/G","G/G","A/G","A/G","A/G","G/G","G/G","G/G","A/A","G/G","A/G","A/G","A/G","A/G","A/A","G/G","G/G","G/G","G/G","A/G","A/A","A/G","G/G","A/A","A/G","G/G","A/A","A/G","A/G","G/G","G/G","A/G","G/G","G/G","A/G","A/G","A/G","A/G","G/G","A/G","G/G","G/G","G/G","A/A","G/G","G/G","G/G","A/G","A/A","G/G","G/G","A/A","A/G","A/G","A/G","A/G","G/G","G/G","A/G","A/G","A/G","A/A","G/G","G/G","A/G","A/G","A/G","G/G","G/G","G/G","A/G","G/G","G/G","G/G","A/A","G/G","G/G","A/A","A/G","G/G","A/G","G/G","A/G","A/G","G/G","G/G","?/?","A/G","G/G","G/G","G/G","G/G","G/G","G/G","A/G","A/G","A/G","A/G","A/A","A/G","A/G","G/G","A/A","G/G","G/G","G/G","G/G","G/G","A/A","A/G","G/G","G/G","A/A","A/G","A/G","A/G","G/G","A/G","G/G","A/G","A/A","A/G","G/G","A/G","A/G","A/G","G/G","A/G","A/G","G/G","A/G","G/G","A/G","A/G","A/A","G/G","A/G","G/G","G/G","G/G","A/G","G/G","G/G","G/G","A/G","G/G","A/G","G/G","G/G","A/G","G/G","A/G","G/G","G/G","A/G","A/G","G/G","A/G","A/G","G/G","G/G","A/G","G/G","G/G","G/G","A/G","G/G","A/G","A/G","G/G","A/G","A/G","A/G","G/G","G/G","G/G","A/G","G/G","A/G","A/G","A/G","A/G","A/G","A/A","A/G","A/G","G/G","A/G","G/G","A/G","A/A","G/G","A/G","A/A","G/G","G/G","A/G","G/G","G/G","A/A","A/G","A/G","A/G","A/G","A/A","G/G","A/A","G/G","G/G","A/G","G/G","A/A","A/A","A/G","A/A","G/G","A/G","A/G","A/A","A/G","A/A","G/G","A/G","A/G","G/G","A/G","G/G","G/G","A/A","A/G","A/G","A/G","A/A","A/G","A/A","G/G","A/A","G/G","A/A","G/G","G/G","A/G","G/G","A/A","G/G","A/G","G/G","A/G","G/G","A/G","G/G","A/A","G/G","G/G","A/G","A/G","G/G","G/G","A/A","G/G","G/G","A/G","G/G","G/G","G/G","G/G","A/A","G/G","A/G","G/G","G/G","G/G","G/G","G/G","A/G","A/G","G/G","G/G","A/G","A/G","G/G","G/G","A/A","G/G","A/A","G/G","A/G","A/G","A/A","G/G","G/G","G/G","G/G","A/G","A/G","G/G","G/G","G/G","G/G","G/G","G/G","G/G","A/A","G/G","A/G","G/G","A/G","A/G","A/A","A/G","G/G","A/G","A/G","G/G","A/G","A/A","A/G","G/G","A/G","G/G","G/G","A/G","G/G","A/G","G/G","A/G","G/G","A/A","G/G","G/G","G/G","G/G","A/G","G/G","G/G","G/G","A/A","G/G","A/G","A/A","A/A","A/A","A/A","A/G","G/G","A/A","A/G","G/G","A/A","A/A","A/A","A/A","A/G","A/G","A/A","A/A","A/A","G/G","A/A","A/A","A/G","A/A","A/G","A/G","A/A","A/A","G/G","A/A","A/G","G/G","A/G","G/G","A/G","A/G","G/G","A/G","A/A","A/A","A/G","A/G","A/G","A/A","G/G","A/G","A/A","G/G","A/G","A/G","G/G","A/G","A/G","A/G","A/G","A/G","G/G","A/A","G/G","A/G","A/G","A/G","A/G","G/G","G/G","A/A","A/A","A/G","A/A","A/A","A/A","A/A","G/G","A/A","G/G","G/G","A/A","G/G","A/G","G/G","A/G","G/G","A/G","G/G","A/G","A/G","A/A","G/G","G/G","G/G","G/G","G/G","A/G","G/G","G/G","G/G","A/G","A/G","G/G","G/G","G/G","A/G","G/G","G/G","A/G","A/A","G/G","A/G","G/G","A/G","G/G","A/A","A/A","A/G","A/G","G/G","A/G","G/G","A/A","A/A","G/G","A/A","A/G","A/G","A/G","G/G","G/G","A/G","A/G","A/A","A/G","A/A","A/G","A/G","G/G","G/G","A/A","A/G","A/A","A/A","G/G","G/G","G/G","G/G","G/G","A/A","A/A","A/A","G/G","G/G","G/G","G/G","A/A","A/A","A/A","G/G","G/G","G/G","G/G","G/G","G/G","G/G","G/G","G/G","A/A","G/G","G/G","G/G","G/G","G/G","G/G","G/G","G/G","G/G","A/A","A/A","G/G","G/G","A/A","A/A","A/A"
"71","PZB00175.3",6189,"7","104898624","","","PZB00175","Ramosa1","ra1","candidate",8238,11519,0,0,0,"G/G","G/G","G/G","G/G","G/G","G/G","G/G","G/G","G/G","G/G","G/T","G/G","G/G","G/G","G/G","G/G","G/G","G/G","G/G","G/G","G/G","G/T","G/T","T/T","G/G","G/T","G/G","G/T","T/T","T/T","G/G","G/T","G/T","G/G","G/T","G/T","G/T","G/T","G/G","G/G","G/G","G/G","G/G","G/T","G/G","G/T","G/G","G/G","G/G","G/G","G/T","G/G","G/G","G/G","G/G","G/T","G/G","G/G","G/G","G/G","G/T","G/T","G/G","G/G","G/G","G/G","G/T","G/G","G/G","G/G","G/G","G/G","G/G","G/G","G/G","G/G","G/G","G/G","G/G","G/G","G/G","G/G","G/G","G/G","G/G","G/G","G/G","G/G","G/G","G/G","G/G","G/G","G/G","G/G","G/G","G/G","G/G","G/G","G/G","G/G","?/?","G/G","G/T","G/G","G/G","G/G","G/G","G/G","G/G","G/G","G/G","G/G","G/G","G/G","G/G","G/G","G/G","G/G","G/G","G/G","G/G","G/G","G/G","G/G","G/G","G/T","G/G","G/G","G/G","G/G","G/G","G/G","G/T","G/G","G/G","G/T","G/G","G/G","G/G","G/G","G/G","G/G","G/G","G/G","G/T","G/T","G/G","G/G","G/T","G/T","G/T","G/G","G/G","G/G","G/G","G/G","G/G","G/T","T/T","G/G","G/G","G/G","G/G","G/G","G/G","G/G","G/G","G/G","G/G","G/G","G/G","G/G","G/G","G/G","G/G","G/G","G/G","G/G","G/G","G/G","G/G","G/G","G/G","G/G","G/G","G/G","G/G","G/G","G/G","G/G","T/T","G/T","G/G","G/G","G/G","G/G","G/T","G/G","G/G","G/T","G/G","G/T","G/T","G/T","G/G","G/G","G/T","G/G","G/T","T/T","G/T","G/G","G/T","G/T","G/G","G/G","G/G","G/G","G/G","G/G","G/G","G/G","G/G","G/G","G/G","G/G","G/T","G/G","G/G","G/G","G/G","G/G","G/T","G/T","G/T","?/?","G/G","G/T","G/T","G/G","G/T","G/G","G/G","G/G","G/G","G/G","G/G","G/G","G/G","G/G","G/G","G/G","G/G","G/G","G/G","G/G","G/G","G/G","G/G","G/G","G/G","G/G","G/G","G/G","G/T","G/G","G/G","G/G","G/T","G/G","G/G","G/G","G/G","G/G","G/G","G/G","G/G","G/G","G/G","G/G","G/G","G/G","G/G","G/G","G/G","G/G","G/G","G/G","G/T","G/G","G/G","G/G","G/G","G/G","G/G","G/G","G/G","G/G","G/G","G/G","G/G","G/G","G/G","G/G","G/T","G/G","G/G","G/G","G/G","G/G","G/G","?/?","G/G","G/G","G/G","G/T","T/T","T/T","G/T","G/G","G/G","G/G","T/T","G/T","G/G","G/T","G/G","G/G","G/G","G/G","G/G","G/T","G/G","G/G","G/G","G/G","G/G","G/G","G/G","G/G","G/G","G/G","G/G","G/G","G/G","G/G","G/G","G/G","G/G","G/G","G/G","G/G","G/G","G/G","G/G","G/G","G/T","G/G","G/G","G/G","G/G","G/G","G/G","G/G","G/G","G/G","G/G","G/G","G/G","T/T","G/T","G/G","G/G","G/T","G/G","G/G","G/G","G/G","G/G","G/G","G/G","G/G","G/G","G/G","G/G","G/G","?/?","G/G","G/G","G/T","G/G","G/G","G/T","G/G","G/G","G/G","G/G","G/G","G/G","G/G","G/G","G/G","G/G","G/G","G/G","G/G","G/T","G/G","G/G","G/G","G/G","G/G","G/G","G/G","G/G","G/G","G/G","G/G","G/G","G/G","G/G","G/G","G/G","G/G","G/G","G/G","G/T","G/G","G/G","G/G","G/G","G/G","G/G","G/G","G/G","T/T","G/G","G/T","G/G","G/G","G/G","G/G","G/G","G/G","G/G","G/G","G/G","G/G","G/G","G/G","G/G","G/G","G/G","G/G","G/T","G/G","G/T","G/G","G/G","G/G","G/G","G/G","G/G","G/G","G/G","G/G","G/G","G/G","G/G","?/?","G/G","G/G","G/G","G/G","G/G","G/G","G/G","G/G","G/G","G/G","G/G","G/G","G/G","G/G","G/G","G/G","G/G","G/T","G/G","G/T","G/G","G/G","G/T","G/G","G/G","G/G","G/G","G/G","G/G","G/G","G/G","G/G","G/G","G/G","G/G","G/G","G/G","G/G","G/G","G/T","G/G","G/T","G/T","G/G","G/G","G/T","G/G","G/G","G/T","G/T","G/G","G/G","G/T","G/T","G/G","G/G","G/G","G/G","G/G","G/T","G/G","G/T","G/G","G/G","G/G","G/G","G/G","T/T","G/G","G/G","G/T","G/G","G/G","G/T","G/G","G/G","T/T","G/G","G/G","G/G","G/G","G/T","G/T","G/G","G/G","G/G","G/T","T/T","G/G","G/G","G/G","G/G","T/T","G/G","G/G","G/G","G/T","T/T","G/G","G/G","G/G","G/G","G/G","G/G","G/T","G/G","G/G","G/G","G/G","G/G","G/G","G/G","G/G","G/G","G/G","G/T","G/G","G/G","G/G","G/G","G/G","G/G","G/G","G/G","T/T","G/G","G/G","G/G","G/G","G/G","G/G","G/G","G/G","G/G","G/G","G/G","G/G","G/G","G/G","G/G","G/G","G/T","G/G","G/G","G/G","G/G","G/G","G/G","G/G","G/G","G/T","G/G","G/G","G/G","G/G","G/G","G/G","G/G","G/G","G/G","G/G","G/G","G/G","G/G","G/G","G/T","G/G","G/G","G/G","G/G","G/G","G/G","G/G","G/G","G/G","G/G","G/G","G/G","G/G","G/G","G/G","G/G","G/G","G/G","G/G","G/G","G/G","G/G","G/G","G/G","G/G","G/G","G/G","G/G","G/G","G/G","G/G","G/G","G/G","G/G","G/G","G/G","G/G","G/G","G/G","G/G","G/G","G/G","G/G","G/G","G/G","G/G","G/G","G/T","G/G","G/G","G/G","G/G","G/G","G/G","G/G","G/G","G/G","G/G","G/G","G/G","G/G","G/G","G/T","G/G","G/T","G/T","G/G","G/G","G/G","G/G","G/G","G/G","G/G","G/G","G/G","G/G","G/G","G/G","G/G","G/G","G/G","G/G","G/G","G/G","G/G","G/G","G/G","G/G","G/G","G/G","G/G","G/G","G/G","G/G","G/G","G/G","G/G","G/T","G/G","G/G","G/G","T/T","G/G","G/G","G/G","G/G","G/T","G/G","G/G","T/T","G/G","T/T","G/G","G/G","G/G","G/G","G/G","G/T","G/G","G/T","G/G","G/T","G/G","G/T","G/G","G/T","G/G","G/G","G/G","G/G","G/G","G/G","G/G","G/G","G/G","G/G","G/G","G/G","G/G","G/T","G/G","G/G","T/T","G/G","G/G","G/G","G/G","G/G","G/G","G/G","G/T","G/T","G/G","G/G","G/G","G/T","G/G","G/T","G/G","G/G","G/G","G/G","G/G","G/G","G/G","G/G","G/G","G/T","G/G","G/G","?/?","G/G","G/G","G/T","G/G","G/G","G/G","G/T","G/G","G/G","G/G","G/G","G/G","G/G","G/G","G/G","T/T","G/G","G/G","G/G","G/G","G/G","T/T","G/G","G/G","G/G","G/G","G/G","G/G","G/G","G/G","G/G","G/G","G/G","G/G","G/T","G/G","G/T","G/T","G/G","G/G","G/G","G/T","G/G","G/G","G/G","G/T","G/G","G/T","G/G","G/G","?/?","G/G","G/G","G/G","G/G","G/G","G/G","G/G","G/G","G/G","G/G","G/G","G/T","G/G","G/G","G/G","G/T","G/G","G/G","G/G","G/G","G/G","G/G","G/G","G/G","G/G","G/G","G/T","G/G","G/G","G/G","G/G","G/G","G/G","G/G","G/G","G/G","G/G","G/G","G/G","G/G","G/G","G/G","G/G","G/G","G/G","G/G","G/G","G/G","G/G","G/T","G/T","G/G","G/G","G/G","G/G","G/G","G/G","G/G","G/G","G/G","G/G","G/G","G/G","G/G","G/G","G/G","G/G","G/G","G/G","G/G","G/G","G/G","G/G","G/G","G/G","G/G","G/G","G/G","G/G","G/G","G/G","G/G","G/G","G/G","G/G","G/G","G/G","G/G","G/G","G/G","G/G","G/G","G/G","G/G","G/G","G/G","G/G","G/G","G/G","G/G","G/G","G/G","G/G","G/G","G/G","G/G","G/G","G/G","G/G","G/G","G/G","G/G","G/G","G/G","G/G","G/G","G/G"
"72","PZB00175.4",6190,"7","104898656","","","PZB00175","Ramosa1","ra1","candidate",8239,11520,0,0,0,"C/C","C/C","C/C","C/C","C/C","C/C","C/C","C/C","C/C","C/C","C/C","C/C","C/C","C/C","C/C","?/?","C/C","C/C","C/C","C/C","C/C","C/C","C/C","C/C","C/C","C/C","C/C","C/C","C/C","C/C","C/C","C/C","C/C","C/C","C/C","C/C","C/C","C/C","?/?","C/C","C/C","?/?","C/C","C/C","C/C","?/?","C/C","C/C","?/?","C/C","C/C","C/C","C/C","C/C","C/C","C/C","C/C","C/C","C/C","C/C","C/C","C/C","C/C","C/C","C/C","C/C","C/C","C/C","C/C","C/C","C/C","C/C","C/C","C/C","C/C","C/C","C/C","C/C","C/C","C/C","A/C","C/C","C/C","C/C","C/C","C/C","C/C","C/C","C/C","C/C","C/C","C/C","C/C","C/C","C/C","C/C","C/C","C/C","C/C","C/C","C/C","C/C","C/C","C/C","?/?","C/C","C/C","C/C","C/C","C/C","C/C","C/C","C/C","C/C","C/C","C/C","C/C","?/?","?/?","C/C","C/C","C/C","C/C","C/C","C/C","A/C","C/C","C/C","C/C","C/C","C/C","C/C","C/C","C/C","?/?","C/C","C/C","C/C","C/C","C/C","C/C","C/C","C/C","C/C","C/C","C/C","C/C","C/C","C/C","?/?","C/C","C/C","C/C","C/C","C/C","C/C","C/C","C/C","C/C","C/C","?/?","C/C","C/C","C/C","C/C","?/?","C/C","C/C","C/C","C/C","C/C","C/C","C/C","C/C","C/C","C/C","C/C","C/C","?/?","C/C","C/C","?/?","C/C","C/C","C/C","C/C","C/C","C/C","C/C","C/C","C/C","C/C","C/C","C/C","C/C","C/C","C/C","C/C","C/C","C/C","C/C","?/?","C/C","C/C","C/C","C/C","C/C","C/C","C/C","C/C","C/C","C/C","C/C","C/C","?/?","C/C","C/C","C/C","C/C","C/C","C/C","C/C","C/C","?/?","C/C","C/C","C/C","C/C","C/C","C/C","C/C","?/?","C/C","C/C","C/C","C/C","C/C","C/C","?/?","C/C","C/C","C/C","C/C","C/C","C/C","C/C","C/C","C/C","C/C","C/C","C/C","C/C","C/C","C/C","C/C","C/C","C/C","C/C","C/C","C/C","C/C","C/C","C/C","C/C","C/C","?/?","C/C","C/C","C/C","C/C","C/C","C/C","C/C","C/C","C/C","?/?","?/?","C/C","C/C","C/C","C/C","C/C","C/C","C/C","C/C","C/C","C/C","C/C","?/?","C/C","C/C","C/C","C/C","C/C","C/C","C/C","C/C","C/C","C/C","C/C","C/C","C/C","C/C","C/C","C/C","C/C","C/C","C/C","C/C","C/C","?/?","C/C","C/C","C/C","C/C","C/C","C/C","?/?","?/?","C/C","?/?","C/C","C/C","C/C","C/C","C/C","C/C","C/C","C/C","C/C","C/C","C/C","C/C","C/C","C/C","C/C","C/C","C/C","C/C","C/C","C/C","C/C","C/C","C/C","?/?","C/C","C/C","C/C","C/C","C/C","C/C","A/C","C/C","C/C","C/C","?/?","C/C","C/C","C/C","?/?","C/C","C/C","A/C","C/C","C/C","C/C","C/C","C/C","C/C","C/C","C/C","C/C","C/C","C/C","C/C","C/C","C/C","C/C","C/C","C/C","C/C","C/C","C/C","C/C","C/C","?/?","C/C","C/C","C/C","C/C","C/C","C/C","C/C","C/C","?/?","C/C","C/C","C/C","C/C","C/C","C/C","C/C","C/C","C/C","C/C","C/C","C/C","C/C","C/C","C/C","C/C","?/?","C/C","C/C","C/C","C/C","C/C","C/C","C/C","C/C","C/C","C/C","C/C","C/C","C/C","C/C","C/C","C/C","C/C","C/C","C/C","C/C","C/C","C/C","?/?","C/C","C/C","C/C","C/C","C/C","?/?","C/C","?/?","C/C","C/C","C/C","C/C","C/C","C/C","C/C","C/C","C/C","C/C","C/C","C/C","C/C","C/C","C/C","C/C","C/C","C/C","?/?","C/C","C/C","C/C","C/C","C/C","C/C","C/C","C/C","C/C","C/C","C/C","C/C","C/C","C/C","C/C","C/C","C/C","C/C","C/C","C/C","C/C","C/C","C/C","C/C","A/C","C/C","C/C","C/C","C/C","C/C","C/C","C/C","C/C","C/C","C/C","C/C","?/?","C/C","C/C","C/C","C/C","C/C","C/C","C/C","C/C","C/C","C/C","C/C","C/C","C/C","C/C","C/C","C/C","C/C","C/C","C/C","C/C","C/C","C/C","C/C","C/C","C/C","C/C","C/C","C/C","C/C","?/?","C/C","C/C","C/C","C/C","C/C","C/C","C/C","C/C","C/C","?/?","C/C","C/C","C/C","C/C","C/C","C/C","C/C","C/C","C/C","C/C","C/C","C/C","C/C","C/C","C/C","C/C","C/C","C/C","C/C","?/?","?/?","?/?","C/C","C/C","C/C","?/?","C/C","C/C","C/C","C/C","C/C","C/C","C/C","C/C","C/C","C/C","C/C","C/C","C/C","C/C","C/C","C/C","C/C","C/C","C/C","C/C","C/C","?/?","C/C","C/C","C/C","C/C","C/C","C/C","C/C","C/C","C/C","C/C","C/C","C/C","?/?","C/C","C/C","C/C","C/C","C/C","C/C","?/?","C/C","C/C","C/C","C/C","C/C","C/C","C/C","C/C","C/C","C/C","C/C","C/C","C/C","C/C","?/?","C/C","C/C","C/C","C/C","C/C","C/C","C/C","C/C","C/C","C/C","C/C","C/C","C/C","C/C","C/C","C/C","?/?","C/C","C/C","C/C","C/C","C/C","C/C","C/C","C/C","C/C","C/C","C/C","C/C","C/C","C/C","C/C","?/?","?/?","C/C","C/C","C/C","C/C","C/C","?/?","C/C","C/C","C/C","C/C","C/C","C/C","C/C","C/C","C/C","C/C","C/C","C/C","C/C","C/C","C/C","C/C","C/C","C/C","C/C","C/C","C/C","C/C","C/C","C/C","C/C","C/C","C/C","?/?","C/C","C/C","C/C","C/C","C/C","C/C","C/C","C/C","C/C","C/C","C/C","C/C","C/C","C/C","C/C","C/C","C/C","C/C","C/C","C/C","?/?","C/C","C/C","C/C","C/C","C/C","?/?","C/C","C/C","C/C","C/C","C/C","C/C","C/C","C/C","C/C","C/C","C/C","?/?","C/C","C/C","C/C","?/?","C/C","C/C","C/C","C/C","C/C","C/C","C/C","?/?","C/C","C/C","C/C","C/C","C/C","C/C","?/?","C/C","C/C","A/C","C/C","C/C","C/C","C/C","C/C","C/C","C/C","C/C","C/C","C/C","C/C","C/C","C/C","C/C","C/C","C/C","C/C","C/C","C/C","C/C","C/C","C/C","C/C","C/C","?/?","?/?","C/C","C/C","C/C","C/C","?/?","C/C","C/C","C/C","C/C","C/C","C/C","C/C","C/C","C/C","C/C","C/C","C/C","C/C","C/C","C/C","C/C","C/C","C/C","C/C","C/C","C/C","C/C","C/C","C/C","C/C","C/C","C/C","C/C","C/C","C/C","?/?","C/C","C/C","C/C","C/C","C/C","C/C","C/C","C/C","C/C","C/C","C/C","C/C","C/C","?/?","C/C","C/C","C/C","?/?","C/C","C/C","C/C","C/C","C/C","C/C","C/C","C/C","C/C","C/C","C/C","C/C","C/C","C/C","?/?","C/C","C/C","C/C","C/C","C/C","A/C","C/C","C/C","C/C","C/C","C/C","C/C","?/?","C/C","C/C","C/C","C/C","C/C","C/C","C/C","C/C","C/C","C/C","C/C","C/C","C/C","C/C","C/C","C/C","C/C","C/C","C/C","C/C","C/C","C/C","C/C","C/C","C/C","C/C","C/C","C/C","C/C","C/C","C/C","C/C","C/C","C/C","C/C","C/C","C/C","C/C","C/C","C/C","C/C","C/C","C/C","C/C","C/C","C/C","C/C","C/C","C/C","C/C","C/C","C/C","C/C","C/C","C/C","C/C","?/?","C/C","C/C","C/C","C/C","C/C","C/C","C/C","C/C","C/C","C/C","C/C","C/C","C/C","C/C","C/C","C/C","C/C","C/C","C/C","C/C","?/?","C/C","?/?","C/C","?/?","?/?","C/C","C/C","?/?","C/C","C/C","C/C","?/?","C/C","?/?","C/C","C/C","C/C","C/C","C/C","C/C","C/C","C/C","C/C","C/C","?/?","C/C","?/?","?/?","C/C","C/C","?/?","C/C","C/C","C/C","?/?","C/C","C/C","?/?"
"96","PZD00073.2",6596,"7","104899119","Approximate: position of another SNP from the same amplicon plus 50 bases","","PZD00073","ra1","ra1","candidate",8379,11775,0,0,0,"T/T","T/T","T/T","T/T","A/T","T/T","T/T","T/T","A/T","T/T","T/T","T/T","T/T","T/T","T/T","T/T","A/T","A/T","A/A","A/A","A/T","A/T","A/T","A/T","T/T","A/T","T/T","A/T","T/T","T/T","A/T","A/T","A/T","A/A","?/?","T/T","T/T","A/T","T/T","T/T","T/T","T/T","T/T","T/T","A/A","T/T","T/T","T/T","T/T","T/T","A/T","T/T","T/T","T/T","A/A","T/T","T/T","T/T","T/T","T/T","T/T","T/T","T/T","T/T","T/T","T/T","A/T","?/?","T/T","T/T","T/T","T/T","T/T","T/T","A/T","T/T","T/T","T/T","A/T","T/T","T/T","?/?","?/?","A/T","A/T","T/T","T/T","T/T","A/T","T/T","A/T","T/T","T/T","T/T","T/T","A/T","A/T","A/T","T/T","T/T","T/T","T/T","A/T","T/T","T/T","T/T","T/T","T/T","T/T","T/T","T/T","?/?","T/T","T/T","T/T","T/T","T/T","T/T","T/T","T/T","T/T","T/T","T/T","T/T","T/T","?/?","T/T","T/T","T/T","T/T","?/?","T/T","T/T","T/T","T/T","T/T","?/?","T/T","T/T","T/T","T/T","T/T","T/T","T/T","T/T","T/T","T/T","T/T","T/T","T/T","T/T","T/T","T/T","T/T","T/T","T/T","T/T","T/T","T/T","T/T","T/T","T/T","T/T","T/T","T/T","A/A","A/T","T/T","T/T","T/T","T/T","T/T","T/T","A/A","T/T","A/T","T/T","T/T","T/T","T/T","T/T","T/T","T/T","A/A","A/A","A/T","A/A","A/T","T/T","T/T","T/T","T/T","T/T","?/?","T/T","T/T","T/T","T/T","T/T","T/T","?/?","T/T","T/T","T/T","T/T","T/T","T/T","T/T","T/T","T/T","T/T","T/T","T/T","T/T","T/T","T/T","T/T","T/T","T/T","T/T","T/T","T/T","T/T","T/T","T/T","T/T","T/T","T/T","T/T","T/T","T/T","T/T","T/T","T/T","T/T","T/T","T/T","T/T","A/T","T/T","T/T","T/T","T/T","T/T","T/T","T/T","T/T","T/T","T/T","T/T","T/T","T/T","T/T","T/T","T/T","T/T","T/T","T/T","T/T","T/T","T/T","T/T","T/T","T/T","T/T","T/T","T/T","T/T","T/T","T/T","T/T","T/T","T/T","?/?","T/T","T/T","T/T","T/T","T/T","T/T","T/T","T/T","T/T","T/T","T/T","?/?","T/T","T/T","T/T","T/T","T/T","T/T","T/T","T/T","T/T","T/T","T/T","T/T","T/T","T/T","T/T","T/T","T/T","T/T","T/T","T/T","?/?","?/?","T/T","T/T","T/T","T/T","T/T","T/T","T/T","T/T","T/T","T/T","T/T","T/T","T/T","T/T","T/T","T/T","T/T","T/T","T/T","T/T","T/T","T/T","T/T","T/T","?/?","T/T","T/T","T/T","T/T","T/T","T/T","T/T","T/T","T/T","T/T","T/T","T/T","T/T","?/?","T/T","T/T","T/T","T/T","T/T","T/T","T/T","T/T","T/T","T/T","T/T","T/T","T/T","T/T","T/T","T/T","T/T","T/T","T/T","T/T","T/T","T/T","T/T","T/T","T/T","T/T","T/T","T/T","T/T","T/T","T/T","T/T","T/T","T/T","T/T","T/T","T/T","T/T","T/T","T/T","T/T","T/T","T/T","T/T","T/T","T/T","T/T","T/T","T/T","T/T","T/T","T/T","T/T","T/T","T/T","T/T","A/T","T/T","T/T","T/T","T/T","A/T","T/T","T/T","T/T","T/T","T/T","T/T","T/T","T/T","T/T","T/T","T/T","T/T","T/T","T/T","T/T","T/T","T/T","T/T","?/?","T/T","T/T","T/T","T/T","T/T","T/T","T/T","T/T","T/T","T/T","T/T","T/T","T/T","T/T","T/T","T/T","T/T","T/T","T/T","T/T","T/T","T/T","?/?","T/T","T/T","T/T","T/T","T/T","T/T","T/T","T/T","T/T","T/T","T/T","T/T","T/T","T/T","T/T","T/T","T/T","T/T","T/T","T/T","T/T","T/T","T/T","T/T","T/T","T/T","T/T","T/T","T/T","A/T","T/T","T/T","T/T","?/?","A/A","T/T","T/T","?/?","T/T","T/T","T/T","T/T","T/T","A/T","T/T","T/T","T/T","A/A","T/T","A/T","T/T","T/T","A/T","T/T","T/T","A/T","T/T","T/T","T/T","T/T","T/T","A/T","T/T","T/T","T/T","T/T","T/T","T/T","A/T","A/T","?/?","T/T","T/T","T/T","T/T","A/T","A/A","A/T","T/T","T/T","T/T","A/T","T/T","T/T","T/T","?/?","T/T","T/T","T/T","A/T","T/T","A/T","?/?","?/?","T/T","T/T","A/T","A/T","T/T","T/T","T/T","T/T","T/T","T/T","T/T","T/T","T/T","T/T","T/T","T/T","T/T","T/T","T/T","T/T","T/T","?/?","T/T","T/T","T/T","?/?","T/T","T/T","T/T","T/T","T/T","T/T","T/T","A/T","A/T","T/T","T/T","T/T","T/T","T/T","T/T","T/T","T/T","T/T","T/T","T/T","T/T","T/T","T/T","T/T","T/T","T/T","T/T","T/T","T/T","T/T","T/T","T/T","T/T","T/T","T/T","A/T","T/T","T/T","T/T","T/T","T/T","T/T","T/T","T/T","T/T","T/T","T/T","T/T","T/T","T/T","T/T","?/?","T/T","T/T","T/T","T/T","T/T","T/T","T/T","T/T","T/T","T/T","T/T","T/T","T/T","T/T","T/T","T/T","T/T","T/T","T/T","T/T","T/T","T/T","T/T","T/T","T/T","?/?","T/T","T/T","T/T","T/T","T/T","T/T","T/T","T/T","T/T","T/T","T/T","T/T","T/T","T/T","T/T","T/T","T/T","T/T","T/T","T/T","T/T","T/T","T/T","T/T","T/T","T/T","T/T","T/T","T/T","T/T","T/T","T/T","T/T","A/T","T/T","T/T","T/T","T/T","T/T","T/T","A/T","T/T","T/T","T/T","T/T","T/T","T/T","T/T","T/T","T/T","?/?","T/T","T/T","T/T","T/T","T/T","T/T","T/T","T/T","T/T","T/T","T/T","T/T","T/T","T/T","T/T","T/T","A/T","T/T","T/T","T/T","T/T","T/T","T/T","T/T","?/?","T/T","T/T","T/T","T/T","T/T","T/T","T/T","T/T","T/T","T/T","T/T","T/T","T/T","T/T","T/T","T/T","T/T","T/T","T/T","T/T","T/T","T/T","T/T","T/T","T/T","T/T","T/T","T/T","T/T","T/T","T/T","T/T","T/T","T/T","T/T","T/T","T/T","T/T","T/T","T/T","T/T","T/T","T/T","T/T","T/T","T/T","T/T","T/T","T/T","T/T","T/T","T/T","T/T","T/T","T/T","T/T","T/T","T/T","T/T","T/T","T/T","?/?","T/T","T/T","T/T","T/T","T/T","T/T","T/T","T/T","T/T","T/T","T/T","T/T","T/T","T/T","T/T","T/T","T/T","T/T","T/T","T/T","T/T","T/T","T/T","T/T","T/T","T/T","T/T","T/T","T/T","T/T","T/T","T/T","T/T","T/T","T/T","T/T","T/T","T/T","T/T","T/T","T/T","T/T","T/T","T/T","T/T","T/T","T/T","T/T","T/T","T/T","T/T","T/T","T/T","T/T","T/T","T/T","T/T","T/T","?/?","T/T","T/T","T/T","T/T","T/T","T/T","T/T","T/T","T/T","T/T","T/T","?/?","T/T","T/T","T/T","T/T","T/T","T/T","T/T","T/T","T/T","T/T","T/T","T/T","T/T","A/T","T/T","T/T","T/T","T/T","T/T","T/T","T/T","T/T","T/T","T/T","T/T","T/T","T/T","T/T","T/T","T/T","T/T","T/T","T/T","T/T","T/T","T/T","T/T","T/T","T/T","T/T","T/T","T/T","T/T","T/T","T/T","T/T","T/T","T/T","T/T","T/T","T/T","T/T","T/T","T/T","T/T","T/T","T/T","T/T","T/T","T/T","T/T","T/T","T/T","T/T","T/T","T/T","T/T","T/T","A/A","A/T","A/A","A/A","T/T","A/T","T/T","T/T","T/T","T/T","T/T","T/T","T/T","T/T","T/T","T/T","T/T","T/T","T/T","T/T","T/T","T/T","T/T","T/T","T/T","A/A","A/A","A/A","A/A","T/T","T/T","T/T","T/T","T/T","T/T","T/T","A/A","A/A","A/A","T/T","T/T","T/T","T/T","T/T","T/T","T/T","T/T","T/T","T/T"
"97","PZD00073.6",6600,"7","104899269","Approximate: position of another SNP from the same amplicon plus 200 bases","","PZD00073","ra1","ra1","candidate",8381,11776,0,0,0,"C/C","C/C","C/C","C/C","A/C","C/C","C/C","?/?","A/C","C/C","C/C","C/C","C/C","C/C","C/C","C/C","A/C","A/C","A/A","A/A","A/C","C/C","A/C","C/C","C/C","A/C","C/C","A/C","C/C","C/C","A/C","A/C","A/C","A/A","C/C","C/C","C/C","A/C","C/C","C/C","C/C","C/C","C/C","C/C","C/C","C/C","C/C","C/C","C/C","C/C","A/C","C/C","C/C","C/C","A/A","C/C","C/C","C/C","C/C","C/C","C/C","C/C","C/C","C/C","C/C","C/C","A/C","C/C","C/C","C/C","C/C","C/C","C/C","C/C","A/C","C/C","C/C","C/C","C/C","C/C","C/C","C/C","A/C","A/C","C/C","C/C","C/C","C/C","A/C","C/C","A/C","C/C","C/C","C/C","C/C","A/C","A/C","A/C","C/C","C/C","C/C","C/C","A/C","C/C","C/C","C/C","C/C","C/C","C/C","C/C","C/C","C/C","C/C","C/C","C/C","C/C","C/C","C/C","C/C","C/C","C/C","C/C","C/C","C/C","C/C","C/C","C/C","C/C","C/C","C/C","A/C","C/C","C/C","C/C","C/C","C/C","?/?","C/C","C/C","C/C","C/C","C/C","C/C","C/C","C/C","?/?","C/C","C/C","C/C","C/C","C/C","C/C","C/C","C/C","C/C","C/C","C/C","C/C","C/C","C/C","C/C","C/C","C/C","C/C","C/C","A/A","A/C","C/C","C/C","C/C","C/C","C/C","C/C","C/C","C/C","A/C","C/C","C/C","C/C","C/C","C/C","C/C","C/C","C/C","A/A","C/C","A/A","A/C","C/C","C/C","C/C","C/C","C/C","C/C","C/C","C/C","C/C","C/C","C/C","C/C","C/C","C/C","C/C","C/C","C/C","C/C","C/C","C/C","C/C","C/C","C/C","C/C","C/C","C/C","C/C","C/C","C/C","C/C","C/C","C/C","C/C","C/C","C/C","C/C","C/C","C/C","C/C","C/C","C/C","C/C","C/C","C/C","?/?","C/C","C/C","C/C","C/C","C/C","C/C","C/C","C/C","C/C","C/C","C/C","C/C","C/C","C/C","C/C","C/C","C/C","C/C","C/C","C/C","C/C","C/C","C/C","C/C","C/C","C/C","C/C","C/C","C/C","C/C","C/C","C/C","C/C","C/C","C/C","C/C","C/C","C/C","C/C","C/C","C/C","C/C","C/C","C/C","C/C","C/C","C/C","C/C","C/C","C/C","C/C","C/C","C/C","C/C","C/C","C/C","C/C","C/C","C/C","C/C","C/C","C/C","C/C","C/C","C/C","C/C","C/C","C/C","C/C","C/C","C/C","C/C","C/C","C/C","C/C","C/C","C/C","C/C","C/C","C/C","C/C","C/C","C/C","C/C","C/C","C/C","C/C","C/C","C/C","C/C","C/C","C/C","C/C","C/C","C/C","C/C","C/C","C/C","C/C","C/C","C/C","C/C","C/C","C/C","C/C","C/C","C/C","C/C","C/C","C/C","C/C","C/C","C/C","C/C","C/C","C/C","C/C","C/C","C/C","C/C","C/C","C/C","C/C","C/C","C/C","C/C","C/C","C/C","C/C","C/C","C/C","C/C","C/C","C/C","C/C","C/C","C/C","C/C","C/C","C/C","C/C","C/C","C/C","C/C","C/C","C/C","C/C","C/C","C/C","C/C","C/C","C/C","C/C","C/C","C/C","C/C","C/C","C/C","C/C","C/C","C/C","C/C","C/C","C/C","C/C","C/C","C/C","?/?","C/C","C/C","C/C","C/C","C/C","C/C","C/C","C/C","C/C","C/C","C/C","C/C","C/C","C/C","C/C","C/C","C/C","C/C","C/C","C/C","C/C","C/C","C/C","C/C","C/C","C/C","C/C","C/C","C/C","C/C","C/C","C/C","C/C","C/C","C/C","C/C","C/C","C/C","C/C","C/C","C/C","C/C","C/C","C/C","C/C","C/C","C/C","C/C","C/C","C/C","C/C","C/C","C/C","C/C","C/C","C/C","C/C","C/C","C/C","C/C","C/C","C/C","C/C","C/C","C/C","C/C","C/C","C/C","C/C","C/C","C/C","C/C","C/C","C/C","C/C","C/C","C/C","C/C","C/C","A/C","C/C","C/C","C/C","C/C","A/A","C/C","C/C","C/C","C/C","C/C","C/C","C/C","C/C","A/C","C/C","C/C","C/C","A/A","C/C","A/C","C/C","C/C","A/C","C/C","C/C","A/C","C/C","C/C","C/C","C/C","C/C","A/C","C/C","C/C","C/C","C/C","C/C","C/C","A/C","C/C","C/C","C/C","C/C","C/C","C/C","A/C","A/A","A/C","C/C","C/C","C/C","A/C","C/C","C/C","C/C","C/C","C/C","C/C","C/C","A/C","C/C","A/C","C/C","C/C","C/C","C/C","A/C","A/C","C/C","C/C","C/C","C/C","C/C","C/C","C/C","C/C","C/C","C/C","C/C","C/C","C/C","C/C","C/C","C/C","C/C","C/C","C/C","C/C","C/C","C/C","C/C","C/C","C/C","C/C","C/C","C/C","C/C","A/C","C/C","C/C","?/?","C/C","C/C","C/C","C/C","C/C","C/C","C/C","C/C","C/C","C/C","C/C","C/C","C/C","C/C","C/C","C/C","C/C","C/C","C/C","C/C","C/C","C/C","C/C","C/C","C/C","C/C","C/C","C/C","C/C","C/C","C/C","C/C","C/C","C/C","C/C","C/C","C/C","?/?","C/C","?/?","C/C","C/C","C/C","C/C","C/C","C/C","C/C","C/C","C/C","C/C","C/C","C/C","C/C","C/C","C/C","C/C","C/C","C/C","C/C","C/C","C/C","C/C","C/C","C/C","C/C","C/C","C/C","C/C","C/C","C/C","C/C","C/C","C/C","C/C","C/C","C/C","C/C","C/C","C/C","C/C","C/C","C/C","C/C","C/C","C/C","C/C","C/C","C/C","C/C","C/C","C/C","C/C","C/C","C/C","C/C","C/C","C/C","C/C","C/C","C/C","A/C","C/C","C/C","C/C","C/C","C/C","C/C","A/C","C/C","C/C","C/C","C/C","C/C","C/C","C/C","C/C","C/C","C/C","C/C","C/C","C/C","C/C","C/C","C/C","C/C","C/C","C/C","C/C","C/C","C/C","C/C","C/C","C/C","C/C","C/C","C/C","C/C","C/C","C/C","C/C","C/C","C/C","C/C","C/C","C/C","C/C","C/C","C/C","C/C","C/C","C/C","C/C","C/C","?/?","C/C","C/C","C/C","C/C","C/C","C/C","C/C","C/C","C/C","C/C","C/C","C/C","C/C","C/C","?/?","C/C","C/C","C/C","C/C","C/C","C/C","C/C","C/C","C/C","C/C","C/C","C/C","C/C","C/C","C/C","C/C","C/C","C/C","C/C","C/C","C/C","C/C","C/C","C/C","C/C","?/?","C/C","C/C","C/C","C/C","C/C","C/C","C/C","C/C","C/C","C/C","C/C","C/C","C/C","C/C","C/C","C/C","C/C","C/C","C/C","C/C","C/C","C/C","C/C","C/C","C/C","C/C","C/C","C/C","C/C","C/C","C/C","C/C","C/C","C/C","C/C","C/C","C/C","C/C","C/C","C/C","C/C","C/C","C/C","C/C","C/C","C/C","C/C","C/C","C/C","C/C","C/C","C/C","C/C","C/C","C/C","C/C","C/C","C/C","C/C","C/C","C/C","C/C","C/C","C/C","C/C","C/C","C/C","C/C","C/C","C/C","C/C","C/C","C/C","C/C","C/C","C/C","C/C","C/C","C/C","C/C","?/?","C/C","C/C","C/C","C/C","C/C","C/C","C/C","C/C","C/C","C/C","C/C","C/C","C/C","C/C","C/C","C/C","C/C","C/C","C/C","C/C","C/C","C/C","C/C","C/C","C/C","C/C","C/C","C/C","C/C","C/C","C/C","C/C","C/C","C/C","C/C","C/C","C/C","C/C","C/C","C/C","C/C","?/?","C/C","C/C","C/C","C/C","C/C","C/C","C/C","C/C","C/C","C/C","C/C","C/C","C/C","C/C","C/C","C/C","C/C","C/C","C/C","C/C","C/C","C/C","C/C","C/C","C/C","C/C","A/C","A/C","A/A","A/A","C/C","A/C","C/C","C/C","C/C","C/C","C/C","C/C","C/C","?/?","C/C","C/C","C/C","C/C","C/C","C/C","C/C","C/C","C/C","C/C","C/C","A/A","A/A","A/A","?/?","C/C","C/C","C/C","C/C","C/C","C/C","C/C","A/A","A/A","?/?","C/C","C/C","C/C","C/C","C/C","C/C","C/C","C/C","C/C","C/C"
"28","PZA00370.1",3862,"7","122373056","","","PZA00370","AY108179","AY108179","random",9922,10793,1,1,1,"C/C","A/C","C/C","C/C","C/C","A/C","C/C","C/C","C/C","C/C","C/C","C/C","C/C","A/C","C/C","C/C","C/C","C/C","A/C","A/A","A/A","A/A","A/A","C/C","C/C","A/A","A/C","A/C","A/A","A/C","A/C","A/C","A/C","A/A","C/C","A/C","A/C","A/A","C/C","C/C","C/C","C/C","C/C","A/C","C/C","A/A","C/C","A/C","A/C","C/C","C/C","C/C","C/C","C/C","C/C","A/C","C/C","A/C","A/C","A/C","A/C","C/C","A/A","A/C","A/C","C/C","C/C","A/C","?/?","C/C","?/?","C/C","?/?","?/?","A/C","C/C","C/C","A/C","A/A","A/C","A/C","A/C","A/A","C/C","A/C","C/C","C/C","A/C","C/C","C/C","A/C","C/C","C/C","C/C","?/?","C/C","C/C","C/C","C/C","C/C","C/C","C/C","C/C","C/C","A/C","A/C","A/C","A/C","C/C","C/C","C/C","A/C","A/C","A/C","C/C","C/C","C/C","C/C","C/C","C/C","C/C","C/C","C/C","C/C","C/C","C/C","C/C","C/C","C/C","C/C","C/C","C/C","C/C","C/C","C/C","C/C","C/C","C/C","C/C","C/C","C/C","C/C","C/C","C/C","C/C","C/C","C/C","C/C","C/C","C/C","C/C","C/C","A/C","C/C","C/C","C/C","C/C","C/C","C/C","C/C","C/C","C/C","C/C","C/C","C/C","C/C","C/C","A/C","A/C","A/C","C/C","C/C","A/A","A/A","C/C","A/C","A/A","A/C","C/C","C/C","A/C","A/A","A/A","A/A","A/C","C/C","A/A","A/C","C/C","A/C","A/C","A/C","C/C","A/C","A/A","C/C","C/C","C/C","A/A","A/C","C/C","C/C","?/?","A/C","A/A","C/C","A/A","C/C","C/C","C/C","C/C","C/C","A/C","A/C","A/A","A/C","A/C","A/C","C/C","A/C","A/C","A/C","A/A","C/C","C/C","C/C","C/C","C/C","A/C","C/C","?/?","C/C","A/A","C/C","C/C","?/?","C/C","A/C","A/C","C/C","A/C","A/A","C/C","C/C","C/C","?/?","A/C","A/C","A/C","C/C","A/A","?/?","A/C","C/C","A/A","A/C","A/C","C/C","A/C","A/C","A/C","A/C","A/A","C/C","A/A","C/C","C/C","C/C","C/C","A/C","A/C","A/A","A/A","A/C","A/A","A/A","A/C","A/A","C/C","A/A","A/A","A/A","A/C","A/A","A/A","A/C","A/C","A/A","A/C","A/C","A/C","A/C","C/C","A/C","A/C","A/C","C/C","C/C","A/C","C/C","A/C","A/C","A/C","C/C","A/A","C/C","A/C","C/C","A/C","A/A","A/A","C/C","A/C","A/A","C/C","A/C","A/A","C/C","A/A","?/?","A/C","C/C","A/C","A/A","C/C","A/A","A/C","C/C","C/C","A/C","A/A","C/C","C/C","A/C","A/A","A/A","C/C","A/C","A/C","A/C","A/C","A/C","?/?","A/C","A/C","A/A","A/C","A/A","C/C","A/A","A/C","A/C","A/A","A/C","A/C","A/A","A/C","A/C","C/C","A/C","C/C","A/C","C/C","C/C","A/C","A/C","C/C","A/A","C/C","C/C","?/?","C/C","C/C","A/A","A/C","C/C","A/A","C/C","A/A","A/C","C/C","C/C","A/C","C/C","A/C","A/C","C/C","A/C","C/C","C/C","C/C","A/C","A/C","C/C","C/C","C/C","C/C","C/C","C/C","A/C","A/C","A/C","A/C","A/C","C/C","A/C","A/A","C/C","A/C","A/C","C/C","C/C","C/C","?/?","C/C","C/C","C/C","C/C","?/?","A/C","C/C","A/C","C/C","A/C","C/C","C/C","A/C","A/C","C/C","A/C","C/C","A/C","A/A","C/C","A/C","A/C","?/?","C/C","A/C","A/C","A/C","C/C","A/C","A/A","A/C","C/C","C/C","C/C","C/C","C/C","C/C","C/C","C/C","A/C","A/A","C/C","A/C","C/C","A/C","C/C","C/C","C/C","C/C","?/?","?/?","C/C","A/A","C/C","A/C","A/C","C/C","C/C","C/C","C/C","A/C","C/C","C/C","A/C","A/C","C/C","C/C","A/C","A/C","C/C","C/C","A/C","C/C","A/C","C/C","C/C","C/C","C/C","C/C","C/C","C/C","C/C","A/C","C/C","C/C","C/C","C/C","C/C","C/C","A/C","C/C","A/A","C/C","A/A","A/C","C/C","C/C","?/?","A/C","?/?","C/C","A/C","C/C","C/C","C/C","A/C","A/A","C/C","A/A","C/C","C/C","C/C","C/C","C/C","C/C","?/?","A/C","?/?","C/C","?/?","A/A","A/C","C/C","A/C","A/C","A/C","A/C","A/C","C/C","C/C","A/A","C/C","A/A","A/C","C/C","A/C","C/C","C/C","C/C","C/C","A/C","A/C","C/C","C/C","C/C","C/C","A/C","A/A","C/C","?/?","C/C","C/C","C/C","A/A","C/C","C/C","C/C","C/C","A/C","C/C","C/C","A/C","C/C","C/C","A/C","A/A","A/C","C/C","C/C","A/C","C/C","A/C","A/C","C/C","C/C","C/C","A/A","C/C","A/A","C/C","C/C","C/C","C/C","C/C","?/?","A/C","C/C","A/A","C/C","C/C","C/C","C/C","A/C","A/C","C/C","A/C","C/C","C/C","C/C","C/C","?/?","C/C","A/A","C/C","C/C","C/C","C/C","A/A","C/C","A/C","?/?","C/C","A/C","A/C","?/?","A/C","C/C","C/C","C/C","C/C","A/C","A/C","A/C","C/C","C/C","C/C","C/C","C/C","C/C","C/C","A/C","C/C","A/C","C/C","?/?","C/C","C/C","A/C","A/C","A/C","C/C","?/?","?/?","A/C","?/?","A/C","A/C","C/C","A/C","C/C","A/C","A/C","C/C","C/C","C/C","C/C","C/C","C/C","A/C","C/C","C/C","C/C","A/C","C/C","A/C","C/C","A/A","C/C","C/C","C/C","C/C","A/C","C/C","C/C","?/?","C/C","C/C","C/C","A/C","C/C","C/C","C/C","A/C","A/C","C/C","C/C","A/C","C/C","C/C","C/C","C/C","C/C","A/C","?/?","?/?","A/C","C/C","C/C","C/C","A/A","A/C","A/C","A/C","A/C","A/A","A/C","A/C","A/C","C/C","A/C","A/A","C/C","A/C","C/C","C/C","A/C","A/C","A/C","C/C","C/C","C/C","A/C","?/?","A/C","C/C","A/C","C/C","?/?","C/C","C/C","A/C","A/A","A/C","?/?","A/C","C/C","C/C","A/C","A/A","A/C","C/C","A/A","C/C","A/C","C/C","A/C","A/C","A/C","A/C","A/C","C/C","C/C","C/C","C/C","C/C","A/A","A/C","C/C","C/C","A/A","C/C","C/C","A/A","C/C","A/A","A/C","A/C","A/C","C/C","A/C","A/A","A/C","C/C","C/C","C/C","C/C","A/C","C/C","C/C","A/C","A/C","C/C","C/C","?/?","C/C","?/?","A/C","C/C","C/C","C/C","A/A","C/C","C/C","A/A","C/C","C/C","C/C","C/C","A/A","C/C","A/C","C/C","A/C","C/C","A/C","C/C","C/C","A/C","C/C","C/C","C/C","C/C","C/C","A/C","C/C","C/C","?/?","C/C","A/C","C/C","A/C","A/C","A/C","A/C","C/C","C/C","A/C","C/C","C/C","A/A","C/C","C/C","A/C","C/C","A/C","A/C","C/C","C/C","C/C","C/C","C/C","A/A","A/C","?/?","C/C","A/C","C/C","C/C","C/C","A/A","C/C","C/C","A/C","C/C","C/C","C/C","A/C","C/C","C/C","C/C","?/?","A/C","C/C","C/C","A/C","?/?","C/C","C/C","C/C","C/C","C/C","C/C","C/C","C/C","C/C","C/C","C/C","C/C","C/C","C/C","A/C","A/C","A/C","C/C","C/C","C/C","C/C","C/C","C/C","C/C","A/C","C/C","C/C","C/C","C/C","C/C","C/C","C/C","A/A","A/A","A/A","A/C","A/A","A/A","A/C","A/A","A/C","A/A","A/A","A/A","A/A","A/A","A/A","A/A","A/A","A/A","C/C","C/C","A/C","A/A","A/A","A/A","A/A","C/C","C/C","A/A","A/A","A/A","C/C","C/C","A/A","A/A","C/C","C/C","C/C","C/C","C/C","C/C","C/C","C/C","C/C","C/C","C/C","C/C","C/C","C/C","C/C","C/C","A/A","A/A","A/A","A/A","A/A","A/A","A/A","A/A","C/C","C/C","C/C","C/C","C/C"
"29","PZA00370.5",3863,"7","122373149","","","PZA00370","AY108179","AY108179","random",9923,10794,0,0,0,"G/G","G/G","G/G","G/G","G/G","G/G","G/G","G/G","G/G","G/G","A/G","G/G","G/G","G/G","G/G","G/G","G/G","G/G","G/G","G/G","G/G","G/G","G/G","G/G","G/G","G/G","G/G","G/G","G/G","G/G","G/G","G/G","G/G","G/G","G/G","G/G","G/G","G/G","G/G","G/G","G/G","G/G","G/G","G/G","G/G","G/G","G/G","G/G","G/G","G/G","G/G","G/G","G/G","G/G","G/G","G/G","G/G","G/G","G/G","G/G","G/G","G/G","G/G","G/G","G/G","A/G","A/G","G/G","G/G","G/G","A/G","G/G","G/G","A/G","G/G","A/G","G/G","A/G","G/G","G/G","G/G","G/G","G/G","G/G","G/G","G/G","G/G","G/G","?/?","A/G","A/G","G/G","G/G","G/G","A/G","A/G","G/G","G/G","A/G","A/G","G/G","G/G","G/G","G/G","G/G","G/G","G/G","G/G","G/G","A/G","G/G","A/G","G/G","G/G","G/G","A/G","A/A","A/G","A/G","A/A","A/G","G/G","A/A","A/A","A/A","A/G","A/G","A/G","G/G","A/G","A/A","G/G","A/A","?/?","A/A","A/A","G/G","A/G","?/?","A/G","A/A","A/G","G/G","G/G","A/G","A/A","A/G","G/G","A/A","A/G","G/G","A/G","A/G","A/A","G/G","G/G","G/G","A/A","A/A","G/G","G/G","A/A","A/G","G/G","G/G","G/G","G/G","G/G","G/G","G/G","G/G","G/G","G/G","G/G","G/G","G/G","G/G","G/G","G/G","G/G","G/G","G/G","G/G","G/G","A/G","A/A","G/G","A/G","?/?","?/?","G/G","G/G","G/G","A/G","G/G","G/G","G/G","G/G","G/G","G/G","G/G","G/G","G/G","G/G","G/G","G/G","G/G","G/G","G/G","G/G","G/G","G/G","G/G","G/G","G/G","G/G","G/G","G/G","G/G","G/G","G/G","G/G","G/G","G/G","G/G","G/G","G/G","G/G","G/G","G/G","G/G","G/G","G/G","G/G","A/G","G/G","G/G","G/G","G/G","G/G","G/G","G/G","G/G","G/G","G/G","G/G","G/G","G/G","G/G","G/G","G/G","?/?","G/G","G/G","G/G","G/G","G/G","G/G","G/G","G/G","G/G","G/G","G/G","G/G","G/G","G/G","G/G","G/G","G/G","G/G","G/G","G/G","G/G","G/G","G/G","G/G","A/G","G/G","G/G","G/G","G/G","G/G","G/G","G/G","G/G","G/G","G/G","G/G","G/G","G/G","G/G","G/G","G/G","G/G","G/G","G/G","G/G","G/G","G/G","G/G","G/G","G/G","G/G","?/?","G/G","G/G","G/G","G/G","G/G","G/G","G/G","G/G","G/G","G/G","G/G","G/G","G/G","G/G","G/G","G/G","G/G","G/G","G/G","G/G","G/G","G/G","G/G","G/G","G/G","G/G","G/G","G/G","G/G","G/G","G/G","G/G","G/G","G/G","G/G","G/G","G/G","G/G","G/G","G/G","G/G","G/G","G/G","G/G","G/G","G/G","G/G","G/G","G/G","?/?","G/G","G/G","G/G","G/G","G/G","G/G","G/G","G/G","G/G","G/G","G/G","G/G","G/G","G/G","G/G","G/G","G/G","G/G","G/G","G/G","G/G","G/G","G/G","G/G","G/G","G/G","G/G","G/G","G/G","G/G","G/G","G/G","G/G","G/G","G/G","G/G","G/G","G/G","G/G","G/G","G/G","G/G","A/G","G/G","G/G","G/G","G/G","G/G","G/G","G/G","G/G","A/G","G/G","?/?","G/G","G/G","G/G","A/G","G/G","G/G","G/G","G/G","G/G","G/G","G/G","G/G","G/G","G/G","G/G","G/G","G/G","G/G","G/G","G/G","A/G","G/G","G/G","G/G","G/G","G/G","G/G","G/G","G/G","G/G","G/G","G/G","G/G","G/G","G/G","G/G","G/G","G/G","G/G","G/G","G/G","G/G","G/G","G/G","G/G","G/G","G/G","G/G","G/G","G/G","G/G","G/G","A/G","G/G","G/G","A/G","G/G","A/A","G/G","G/G","G/G","G/G","A/G","G/G","G/G","G/G","G/G","G/G","G/G","G/G","G/G","G/G","A/G","G/G","G/G","?/?","A/G","G/G","G/G","G/G","G/G","G/G","G/G","G/G","G/G","A/G","A/G","G/G","G/G","G/G","G/G","G/G","G/G","A/G","G/G","G/G","G/G","G/G","G/G","G/G","G/G","A/A","G/G","G/G","G/G","G/G","G/G","G/G","G/G","G/G","G/G","G/G","G/G","G/G","G/G","G/G","G/G","G/G","G/G","G/G","G/G","G/G","?/?","G/G","G/G","G/G","G/G","G/G","G/G","G/G","G/G","G/G","G/G","G/G","G/G","G/G","G/G","G/G","G/G","G/G","G/G","G/G","G/G","G/G","G/G","G/G","G/G","G/G","G/G","G/G","G/G","G/G","G/G","G/G","G/G","G/G","G/G","G/G","G/G","G/G","G/G","G/G","G/G","G/G","G/G","G/G","G/G","G/G","G/G","G/G","G/G","G/G","G/G","G/G","G/G","G/G","G/G","G/G","G/G","G/G","G/G","G/G","G/G","A/G","G/G","G/G","G/G","?/?","G/G","G/G","G/G","G/G","G/G","G/G","G/G","G/G","G/G","G/G","G/G","A/G","G/G","G/G","G/G","G/G","G/G","G/G","G/G","G/G","G/G","G/G","G/G","G/G","G/G","?/?","G/G","G/G","?/?","G/G","G/G","G/G","G/G","G/G","G/G","G/G","G/G","G/G","G/G","G/G","G/G","G/G","G/G","G/G","G/G","G/G","G/G","G/G","G/G","G/G","G/G","G/G","G/G","G/G","G/G","G/G","G/G","G/G","G/G","G/G","G/G","G/G","G/G","A/G","G/G","G/G","G/G","G/G","G/G","G/G","A/G","G/G","G/G","G/G","G/G","G/G","G/G","G/G","G/G","G/G","G/G","A/G","G/G","G/G","G/G","G/G","G/G","A/G","G/G","G/G","G/G","G/G","G/G","G/G","G/G","A/G","G/G","G/G","G/G","G/G","G/G","G/G","A/G","G/G","G/G","G/G","A/G","A/G","G/G","G/G","G/G","G/G","G/G","G/G","G/G","G/G","G/G","G/G","G/G","G/G","G/G","G/G","G/G","G/G","G/G","G/G","G/G","G/G","G/G","G/G","G/G","G/G","G/G","G/G","G/G","G/G","G/G","G/G","A/G","G/G","G/G","G/G","G/G","G/G","G/G","G/G","G/G","G/G","G/G","G/G","G/G","G/G","G/G","G/G","G/G","G/G","G/G","G/G","G/G","G/G","G/G","G/G","G/G","G/G","A/G","G/G","G/G","G/G","G/G","G/G","G/G","A/G","G/G","G/G","G/G","A/A","G/G","G/G","G/G","G/G","G/G","G/G","G/G","G/G","G/G","G/G","G/G","G/G","G/G","G/G","G/G","G/G","G/G","G/G","G/G","G/G","A/G","G/G","G/G","G/G","G/G","G/G","G/G","G/G","G/G","G/G","G/G","G/G","G/G","G/G","G/G","G/G","G/G","G/G","G/G","G/G","G/G","G/G","G/G","G/G","G/G","G/G","G/G","G/G","G/G","G/G","G/G","G/G","G/G","G/G","G/G","G/G","G/G","G/G","G/G","G/G","G/G","G/G","G/G","G/G","G/G","G/G","G/G","G/G","G/G","G/G","G/G","G/G","G/G","G/G","G/G","G/G","G/G","G/G","G/G","G/G","G/G","G/G","G/G","G/G","G/G","G/G","G/G","G/G","G/G","?/?","G/G","G/G","G/G","G/G","G/G","G/G","G/G","G/G","G/G","G/G","G/G","G/G","G/G","G/G","G/G","G/G","G/G","G/G","G/G","G/G","G/G","G/G","G/G","G/G","G/G","G/G","G/G","G/G","G/G","G/G","G/G","G/G","G/G","G/G","G/G","G/G","G/G","G/G","G/G","G/G","G/G","G/G","G/G","G/G","G/G","G/G","G/G","G/G","G/G","G/G","G/G","G/G","G/G","G/G","G/G","G/G","G/G","G/G","G/G","G/G","G/G","G/G","G/G","G/G","G/G","G/G","G/G","G/G","G/G","G/G","G/G","G/G","G/G","G/G","G/G","G/G","G/G","G/G","G/G","G/G","A/A","A/A","G/G","?/?","G/G","G/G","G/G","G/G","G/G","G/G","G/G","G/G","G/G","G/G","G/G","G/G","G/G","G/G","G/G","G/G","G/G","G/G","G/G","G/G","G/G","G/G","G/G","G/G","G/G","G/G","G/G","G/G","G/G"
"16","PZA00211.7",3734,"7","125465928","","","PZA00211","AY105684","AY105684","random",9869,10657,1,1,1,"C/C","?/?","T/T","?/?","C/C","T/T","T/T","?/?","C/T","T/T","T/T","T/T","T/T","T/T","C/T","C/T","T/T","?/?","T/T","T/T","C/T","T/T","T/T","C/T","T/T","T/T","T/T","T/T","T/T","C/T","T/T","T/T","T/T","T/T","T/T","C/T","T/T","T/T","T/T","C/T","T/T","T/T","C/T","T/T","T/T","T/T","C/T","T/T","T/T","T/T","C/T","T/T","T/T","T/T","C/T","T/T","?/?","T/T","T/T","T/T","?/?","T/T","T/T","T/T","T/T","T/T","?/?","T/T","T/T","T/T","T/T","T/T","C/T","T/T","T/T","T/T","C/T","T/T","C/T","T/T","T/T","T/T","T/T","T/T","C/T","T/T","C/T","T/T","T/T","C/T","T/T","T/T","T/T","C/T","C/T","T/T","T/T","T/T","?/?","T/T","C/T","T/T","T/T","T/T","T/T","C/C","C/T","T/T","T/T","T/T","C/C","T/T","T/T","?/?","?/?","C/T","C/C","T/T","C/T","C/C","C/C","C/C","C/C","T/T","C/T","T/T","C/C","C/C","T/T","C/T","C/T","T/T","C/C","C/T","C/C","T/T","C/C","?/?","?/?","C/C","C/C","C/T","T/T","C/C","?/?","C/C","C/C","C/C","C/T","?/?","C/T","C/T","C/C","C/T","T/T","T/T","C/T","C/T","T/T","T/T","C/T","C/C","T/T","T/T","T/T","T/T","?/?","T/T","T/T","T/T","T/T","T/T","T/T","T/T","T/T","T/T","T/T","T/T","T/T","T/T","T/T","T/T","T/T","?/?","T/T","?/?","C/C","C/T","T/T","T/T","T/T","T/T","T/T","T/T","T/T","T/T","T/T","C/T","T/T","T/T","?/?","T/T","T/T","T/T","T/T","C/T","T/T","T/T","T/T","T/T","T/T","C/T","T/T","T/T","C/T","T/T","T/T","T/T","T/T","T/T","T/T","T/T","T/T","T/T","T/T","T/T","T/T","T/T","T/T","C/C","T/T","T/T","T/T","C/C","T/T","?/?","C/T","T/T","C/T","T/T","T/T","T/T","C/C","C/C","T/T","T/T","T/T","T/T","T/T","T/T","T/T","T/T","T/T","T/T","T/T","T/T","T/T","T/T","T/T","T/T","T/T","T/T","T/T","T/T","T/T","?/?","T/T","T/T","T/T","T/T","?/?","T/T","T/T","T/T","T/T","T/T","T/T","T/T","T/T","T/T","T/T","T/T","T/T","T/T","T/T","T/T","T/T","T/T","T/T","T/T","T/T","T/T","T/T","T/T","T/T","T/T","T/T","T/T","T/T","T/T","T/T","T/T","T/T","T/T","T/T","T/T","T/T","T/T","T/T","T/T","T/T","C/T","C/T","T/T","?/?","?/?","?/?","T/T","T/T","C/T","T/T","T/T","T/T","T/T","T/T","T/T","T/T","T/T","T/T","T/T","T/T","T/T","T/T","C/T","T/T","T/T","T/T","T/T","T/T","T/T","T/T","T/T","T/T","T/T","T/T","T/T","T/T","T/T","T/T","T/T","T/T","T/T","?/?","T/T","T/T","?/?","?/?","T/T","?/?","T/T","T/T","T/T","T/T","T/T","T/T","T/T","T/T","?/?","T/T","T/T","T/T","T/T","T/T","T/T","T/T","T/T","T/T","T/T","T/T","?/?","T/T","T/T","T/T","T/T","T/T","T/T","T/T","T/T","T/T","T/T","T/T","T/T","T/T","T/T","T/T","T/T","T/T","T/T","T/T","T/T","T/T","T/T","T/T","T/T","T/T","T/T","T/T","T/T","T/T","T/T","T/T","T/T","T/T","T/T","T/T","T/T","T/T","T/T","T/T","T/T","T/T","T/T","T/T","T/T","?/?","T/T","T/T","T/T","T/T","?/?","?/?","T/T","T/T","T/T","T/T","T/T","T/T","T/T","T/T","T/T","T/T","T/T","T/T","T/T","?/?","T/T","T/T","T/T","T/T","T/T","C/T","T/T","T/T","T/T","T/T","?/?","T/T","T/T","T/T","T/T","T/T","?/?","T/T","T/T","?/?","T/T","C/T","T/T","T/T","T/T","T/T","T/T","T/T","T/T","T/T","T/T","T/T","T/T","T/T","T/T","T/T","C/T","T/T","T/T","T/T","T/T","C/T","T/T","C/T","C/C","T/T","C/T","?/?","T/T","T/T","T/T","C/T","T/T","?/?","C/T","C/T","T/T","C/T","T/T","T/T","C/T","C/T","T/T","T/T","T/T","T/T","C/T","C/T","T/T","T/T","T/T","T/T","C/C","C/T","C/T","T/T","T/T","T/T","C/T","C/T","T/T","?/?","C/T","T/T","C/T","C/T","T/T","T/T","C/T","C/T","C/T","T/T","T/T","C/T","T/T","T/T","T/T","T/T","T/T","T/T","C/C","T/T","T/T","T/T","C/T","C/C","T/T","T/T","T/T","T/T","T/T","T/T","T/T","T/T","T/T","T/T","T/T","T/T","T/T","C/T","T/T","T/T","T/T","T/T","T/T","T/T","T/T","T/T","T/T","T/T","T/T","C/T","T/T","T/T","T/T","T/T","?/?","T/T","?/?","?/?","T/T","C/T","T/T","T/T","T/T","T/T","T/T","T/T","T/T","?/?","T/T","T/T","T/T","C/T","C/T","T/T","T/T","T/T","T/T","C/C","T/T","T/T","C/T","T/T","T/T","T/T","T/T","T/T","T/T","T/T","T/T","T/T","T/T","C/T","?/?","T/T","T/T","T/T","?/?","T/T","C/T","?/?","T/T","C/T","T/T","C/T","T/T","T/T","T/T","T/T","T/T","C/T","T/T","C/T","?/?","T/T","T/T","T/T","C/C","T/T","T/T","T/T","C/T","C/T","C/T","T/T","T/T","T/T","T/T","T/T","T/T","T/T","?/?","T/T","T/T","C/T","T/T","T/T","T/T","T/T","T/T","T/T","T/T","C/T","T/T","C/T","C/T","C/T","T/T","?/?","C/T","C/T","T/T","C/T","T/T","C/C","T/T","T/T","T/T","T/T","T/T","?/?","T/T","T/T","C/T","C/C","T/T","T/T","T/T","T/T","C/T","T/T","C/T","T/T","T/T","C/T","C/T","T/T","T/T","T/T","T/T","T/T","T/T","T/T","C/T","T/T","?/?","T/T","T/T","T/T","T/T","T/T","T/T","T/T","T/T","T/T","T/T","T/T","T/T","T/T","C/T","?/?","?/?","T/T","T/T","C/T","T/T","T/T","C/T","T/T","C/T","C/T","T/T","?/?","T/T","C/C","T/T","T/T","T/T","C/C","C/C","C/C","C/T","C/C","C/T","T/T","C/T","C/C","T/T","T/T","T/T","T/T","?/?","T/T","T/T","C/T","C/C","T/T","C/T","T/T","T/T","C/T","C/T","T/T","T/T","C/T","C/C","T/T","T/T","T/T","T/T","C/T","T/T","T/T","C/C","T/T","C/T","T/T","T/T","T/T","T/T","?/?","C/T","T/T","T/T","T/T","T/T","T/T","T/T","T/T","T/T","C/T","T/T","T/T","?/?","T/T","T/T","T/T","T/T","T/T","T/T","T/T","T/T","T/T","T/T","T/T","T/T","T/T","T/T","T/T","T/T","T/T","T/T","T/T","T/T","T/T","C/T","T/T","T/T","T/T","?/?","T/T","T/T","T/T","T/T","T/T","T/T","T/T","T/T","T/T","C/T","T/T","T/T","T/T","?/?","C/C","T/T","T/T","T/T","T/T","T/T","C/T","T/T","T/T","T/T","T/T","T/T","?/?","T/T","T/T","T/T","T/T","?/?","T/T","T/T","T/T","C/T","T/T","T/T","C/T","C/T","?/?","T/T","T/T","T/T","T/T","T/T","T/T","T/T","T/T","T/T","T/T","T/T","T/T","C/T","T/T","C/T","?/?","T/T","T/T","T/T","T/T","T/T","?/?","T/T","T/T","T/T","C/T","T/T","T/T","T/T","T/T","T/T","C/C","C/C","T/T","T/T","T/T","C/T","T/T","T/T","T/T","C/T","T/T","T/T","T/T","T/T","T/T","T/T","T/T","T/T","T/T","T/T","T/T","?/?","T/T","T/T","T/T","T/T","T/T","T/T","?/?","?/?","C/T","T/T","T/T","T/T","T/T","T/T","T/T","?/?","T/T","T/T","T/T","T/T","?/?","T/T","C/C","C/C","T/T","T/T","?/?","?/?","C/C","T/T","T/T","C/C","?/?","C/C","C/C","T/T","T/T","T/T","T/T","T/T","T/T","T/T","?/?","?/?","T/T","T/T","T/T","T/T","T/T","?/?","T/T","T/T","T/T","?/?","T/T"
"68","PZB00169.6",6183,"7","127435303","","","PZB00169","AJ011619","AJ011619","candidate",8231,11511,0,0,0,"G/G","?/?","G/G","G/G","G/G","G/G","G/G","G/G","G/G","G/G","G/G","G/G","A/G","G/G","G/G","G/G","A/G","G/G","A/G","G/G","G/G","G/G","G/G","G/G","A/G","G/G","G/G","G/G","G/G","G/G","G/G","G/G","G/G","G/G","G/G","G/G","G/G","G/G","G/G","G/G","G/G","G/G","G/G","G/G","G/G","G/G","G/G","G/G","G/G","G/G","G/G","G/G","G/G","A/G","G/G","G/G","G/G","G/G","G/G","G/G","G/G","G/G","G/G","G/G","G/G","G/G","G/G","G/G","G/G","G/G","G/G","A/G","G/G","G/G","G/G","G/G","G/G","G/G","G/G","G/G","A/G","G/G","G/G","G/G","G/G","G/G","G/G","G/G","G/G","G/G","A/G","G/G","G/G","G/G","G/G","G/G","G/G","G/G","A/G","A/A","G/G","G/G","G/G","G/G","G/G","G/G","G/G","G/G","G/G","G/G","G/G","G/G","A/G","G/G","G/G","G/G","G/G","G/G","G/G","G/G","G/G","G/G","G/G","G/G","G/G","G/G","G/G","G/G","G/G","G/G","G/G","A/G","G/G","G/G","G/G","G/G","G/G","G/G","G/G","G/G","G/G","G/G","G/G","G/G","G/G","G/G","G/G","G/G","G/G","G/G","G/G","G/G","G/G","G/G","G/G","G/G","G/G","G/G","G/G","G/G","G/G","G/G","G/G","G/G","G/G","A/G","G/G","G/G","G/G","A/G","A/G","A/G","G/G","G/G","G/G","G/G","G/G","G/G","G/G","G/G","G/G","G/G","A/G","G/G","G/G","G/G","G/G","G/G","A/A","A/A","G/G","G/G","G/G","G/G","G/G","A/G","G/G","A/G","G/G","G/G","G/G","G/G","G/G","G/G","G/G","A/G","G/G","G/G","G/G","?/?","G/G","?/?","G/G","G/G","G/G","G/G","A/A","A/G","G/G","G/G","A/G","G/G","A/G","G/G","G/G","G/G","A/G","G/G","G/G","G/G","G/G","G/G","G/G","G/G","G/G","G/G","G/G","G/G","G/G","G/G","G/G","G/G","G/G","G/G","G/G","G/G","G/G","G/G","G/G","G/G","G/G","G/G","G/G","G/G","A/G","G/G","G/G","G/G","?/?","G/G","G/G","G/G","G/G","A/G","G/G","G/G","A/G","G/G","G/G","G/G","G/G","G/G","G/G","G/G","G/G","G/G","G/G","G/G","G/G","G/G","G/G","G/G","G/G","G/G","G/G","G/G","G/G","G/G","G/G","G/G","G/G","G/G","G/G","G/G","G/G","G/G","G/G","G/G","G/G","G/G","G/G","G/G","G/G","G/G","G/G","G/G","G/G","G/G","G/G","G/G","G/G","G/G","G/G","G/G","G/G","G/G","G/G","G/G","G/G","G/G","G/G","G/G","A/G","G/G","G/G","G/G","?/?","G/G","G/G","G/G","G/G","?/?","G/G","G/G","G/G","G/G","G/G","G/G","G/G","G/G","G/G","G/G","A/G","G/G","G/G","G/G","A/G","G/G","G/G","G/G","G/G","G/G","G/G","G/G","G/G","?/?","G/G","G/G","G/G","G/G","G/G","G/G","G/G","G/G","G/G","G/G","G/G","G/G","G/G","G/G","G/G","G/G","G/G","G/G","G/G","G/G","G/G","?/?","G/G","G/G","G/G","G/G","G/G","G/G","G/G","G/G","G/G","G/G","G/G","G/G","?/?","G/G","A/G","G/G","G/G","G/G","A/G","G/G","G/G","G/G","G/G","G/G","G/G","A/G","A/G","A/G","G/G","A/G","A/G","A/G","G/G","G/G","G/G","A/G","A/G","G/G","G/G","A/G","G/G","A/G","A/G","G/G","?/?","G/G","G/G","G/G","A/G","A/G","G/G","G/G","A/G","A/G","A/A","G/G","G/G","G/G","G/G","G/G","G/G","G/G","G/G","G/G","G/G","A/A","A/A","A/G","A/G","G/G","G/G","G/G","G/G","G/G","G/G","?/?","A/G","G/G","G/G","A/G","A/G","G/G","G/G","G/G","A/G","G/G","G/G","G/G","G/G","A/G","G/G","A/A","A/G","G/G","G/G","G/G","A/G","G/G","G/G","G/G","A/G","A/G","G/G","?/?","G/G","G/G","G/G","G/G","G/G","?/?","G/G","G/G","G/G","G/G","A/G","G/G","G/G","G/G","G/G","G/G","G/G","G/G","G/G","G/G","G/G","G/G","G/G","A/G","G/G","G/G","G/G","G/G","G/G","G/G","G/G","A/G","A/G","G/G","G/G","G/G","G/G","G/G","G/G","A/G","G/G","G/G","G/G","G/G","G/G","G/G","G/G","A/A","?/?","G/G","G/G","G/G","A/G","G/G","G/G","A/G","A/G","G/G","A/G","G/G","?/?","G/G","A/G","G/G","A/G","G/G","G/G","G/G","G/G","G/G","G/G","G/G","G/G","G/G","G/G","G/G","G/G","G/G","G/G","G/G","G/G","G/G","A/G","G/G","G/G","G/G","G/G","G/G","G/G","G/G","G/G","G/G","G/G","G/G","G/G","G/G","G/G","G/G","A/G","A/G","G/G","G/G","G/G","G/G","G/G","G/G","G/G","G/G","G/G","G/G","G/G","G/G","G/G","G/G","A/G","G/G","G/G","G/G","G/G","G/G","G/G","G/G","G/G","G/G","G/G","G/G","G/G","G/G","G/G","G/G","G/G","G/G","G/G","A/G","G/G","G/G","G/G","G/G","G/G","G/G","G/G","G/G","G/G","G/G","?/?","G/G","G/G","G/G","A/G","G/G","G/G","G/G","G/G","?/?","G/G","G/G","G/G","G/G","G/G","G/G","G/G","A/G","G/G","?/?","A/G","G/G","G/G","G/G","G/G","G/G","G/G","G/G","G/G","G/G","G/G","G/G","G/G","G/G","G/G","G/G","G/G","G/G","G/G","G/G","A/G","G/G","G/G","G/G","G/G","G/G","G/G","G/G","G/G","G/G","A/G","G/G","G/G","G/G","G/G","G/G","G/G","A/G","G/G","G/G","G/G","G/G","G/G","G/G","A/G","G/G","A/G","G/G","G/G","G/G","G/G","G/G","?/?","G/G","G/G","G/G","G/G","G/G","G/G","A/G","A/G","G/G","G/G","A/G","A/G","A/G","G/G","A/G","G/G","A/A","G/G","G/G","G/G","A/G","A/G","A/G","G/G","G/G","A/G","G/G","A/G","G/G","G/G","G/G","G/G","G/G","G/G","G/G","G/G","G/G","G/G","?/?","G/G","G/G","G/G","G/G","G/G","A/G","G/G","G/G","?/?","G/G","G/G","G/G","G/G","G/G","G/G","A/G","G/G","A/G","G/G","A/G","G/G","G/G","A/A","G/G","G/G","G/G","G/G","G/G","G/G","A/G","G/G","G/G","?/?","A/A","A/G","G/G","G/G","G/G","A/G","A/G","G/G","G/G","G/G","G/G","A/G","G/G","G/G","A/G","G/G","G/G","G/G","G/G","A/G","G/G","G/G","G/G","A/G","G/G","G/G","G/G","G/G","G/G","G/G","G/G","G/G","G/G","G/G","G/G","G/G","G/G","G/G","G/G","G/G","G/G","G/G","G/G","G/G","G/G","G/G","G/G","G/G","G/G","G/G","G/G","G/G","G/G","G/G","G/G","G/G","G/G","A/G","G/G","G/G","G/G","G/G","G/G","G/G","G/G","G/G","G/G","G/G","G/G","G/G","G/G","G/G","G/G","A/G","G/G","G/G","G/G","G/G","G/G","G/G","A/G","G/G","G/G","G/G","G/G","G/G","G/G","G/G","G/G","A/G","G/G","G/G","G/G","G/G","A/G","G/G","G/G","G/G","G/G","G/G","G/G","G/G","A/G","G/G","A/G","G/G","G/G","G/G","G/G","G/G","G/G","A/G","G/G","?/?","A/G","G/G","G/G","G/G","?/?","G/G","G/G","G/G","G/G","G/G","G/G","G/G","G/G","G/G","G/G","A/A","G/G","G/G","G/G","A/G","G/G","G/G","G/G","G/G","A/G","G/G","G/G","G/G","A/G","A/G","A/G","A/A","A/G","A/G","A/A","A/A","A/A","A/A","A/A","A/G","A/G","A/G","A/G","A/G","G/G","A/A","A/A","A/G","G/G","A/A","A/A","A/A","A/A","A/A","A/A","A/A","A/A","G/G","G/G","A/G","G/G","A/A","A/G","A/A","G/G","G/G","G/G","G/G","G/G","G/G","G/G","G/G","?/?","G/G","G/G","G/G","G/G","G/G","G/G","G/G","G/G","G/G","G/G","G/G","?/?","G/G","G/G","G/G","G/G","G/G"
"67","PZB00169.4",6181,"7","127435474","","","PZB00169","AJ011619","AJ011619","candidate",8230,11510,1,1,1,"C/T","C/C","C/C","C/T","C/C","C/T","C/C","C/C","C/C","C/C","C/C","C/C","C/C","C/C","C/C","C/C","C/T","C/C","C/T","C/C","C/C","C/C","C/C","C/C","C/C","C/C","C/C","C/C","C/C","C/T","C/C","C/C","C/T","C/C","C/C","C/C","C/C","C/T","C/C","C/C","C/C","?/?","C/C","C/C","C/C","C/C","C/C","C/C","C/C","C/C","C/C","C/C","C/C","C/T","C/C","C/C","C/C","C/C","C/C","C/C","C/C","C/C","C/C","C/C","C/C","C/C","C/C","C/C","C/C","C/C","C/C","C/C","C/C","C/C","C/C","C/C","C/C","C/C","C/C","C/C","C/T","C/C","C/C","C/C","C/C","C/C","C/C","C/C","C/C","?/?","C/C","C/C","C/C","C/C","C/C","C/C","C/C","C/C","C/C","C/C","C/C","C/C","C/C","C/C","C/C","C/T","C/C","C/C","?/?","C/C","C/C","C/C","C/C","C/C","C/C","C/C","C/C","C/C","C/C","C/C","C/C","C/C","C/C","C/C","C/C","C/C","C/C","C/C","C/C","?/?","C/C","C/C","C/C","C/C","C/C","C/C","C/C","C/C","C/C","C/C","C/C","C/C","C/C","C/C","C/C","C/T","C/C","C/C","C/C","C/C","C/T","C/C","C/C","C/C","C/T","C/C","C/C","?/?","C/C","C/C","C/C","?/?","C/C","C/C","C/T","C/C","C/C","?/?","C/C","C/T","C/C","C/C","C/C","?/?","C/C","C/C","C/C","C/C","C/C","C/C","C/C","C/C","C/C","C/C","C/C","C/C","C/C","T/T","C/C","C/C","T/T","C/C","C/C","C/C","C/C","C/C","C/C","C/C","C/C","C/C","C/C","C/C","C/C","C/C","C/C","C/C","C/C","C/C","C/C","C/C","C/C","C/C","C/C","C/C","C/C","C/C","C/C","C/C","C/T","C/T","C/C","C/C","C/C","C/T","C/C","C/C","C/C","C/C","C/T","C/T","C/C","C/T","C/C","T/T","C/C","C/C","C/T","C/C","C/T","C/C","C/T","C/T","T/T","C/T","C/C","C/C","C/C","C/C","C/C","C/C","C/C","C/C","C/C","C/C","C/C","C/C","C/C","C/C","C/C","C/C","C/C","C/C","C/C","C/C","C/C","C/C","C/C","C/C","C/C","C/C","C/C","C/C","C/C","C/C","C/T","C/T","C/C","C/C","C/C","C/T","C/T","C/C","C/C","C/C","C/T","C/C","C/C","C/C","C/C","?/?","C/C","?/?","C/C","?/?","C/C","C/C","C/C","C/C","C/C","C/C","C/C","C/C","C/C","C/C","C/C","C/C","C/T","C/C","C/C","C/C","C/C","C/C","C/C","C/C","C/C","C/C","C/C","C/C","C/C","C/C","C/C","C/C","C/C","C/C","C/T","C/C","?/?","?/?","C/C","C/C","C/C","C/C","C/C","C/C","C/C","C/C","?/?","C/C","C/C","C/C","C/C","C/C","C/C","C/C","C/C","C/C","C/C","C/C","C/C","C/C","C/C","C/C","C/C","?/?","?/?","C/C","T/T","C/C","C/C","C/C","C/C","C/C","C/C","C/C","C/C","C/C","C/C","C/C","C/C","C/C","C/C","C/C","C/C","C/C","C/C","C/C","C/C","C/C","C/C","C/C","C/C","C/C","C/C","C/C","C/C","C/C","C/C","C/C","C/C","C/C","C/C","C/C","C/C","C/C","C/C","C/C","C/C","C/C","C/C","C/C","C/C","C/C","C/C","C/C","C/C","C/C","C/C","C/C","C/C","C/C","C/C","C/C","C/C","C/C","C/C","C/C","C/C","C/C","C/C","C/C","C/C","C/C","C/C","C/C","C/C","C/C","C/C","C/T","C/C","C/T","C/C","C/C","C/C","C/C","C/C","C/C","C/C","C/C","C/C","C/C","C/C","C/C","C/C","C/C","C/C","C/C","C/C","C/T","C/T","C/C","C/C","C/C","C/C","C/T","C/C","C/C","C/C","C/C","?/?","C/C","C/C","C/T","C/C","C/C","C/C","C/C","C/C","C/C","C/C","C/C","C/C","C/C","C/C","C/C","C/C","C/C","C/C","C/C","C/C","C/C","?/?","C/T","C/C","C/C","C/C","C/C","C/C","C/C","C/C","C/C","C/C","C/C","C/C","C/C","C/C","C/C","C/C","C/C","C/C","C/C","C/C","C/C","C/C","C/C","C/C","C/C","C/C","C/C","C/C","C/C","C/C","C/C","C/C","C/C","C/C","C/C","C/C","C/C","C/T","C/C","C/C","C/C","C/C","C/C","C/C","C/C","C/C","C/C","C/C","C/C","C/C","C/C","C/C","C/C","C/C","C/T","C/C","C/C","C/C","C/C","C/C","C/C","C/C","C/C","C/C","C/C","C/C","C/T","C/C","C/C","C/C","C/C","C/T","C/C","C/C","C/C","C/T","C/T","?/?","C/C","C/T","C/C","C/T","C/T","C/C","C/C","C/T","C/T","C/C","C/C","C/C","C/T","C/T","C/C","C/T","C/T","C/C","C/T","C/C","T/T","C/C","C/T","C/C","C/T","C/C","?/?","C/T","C/C","C/C","C/C","C/C","C/C","C/C","C/C","C/C","C/C","C/C","C/C","C/C","C/C","C/C","C/C","C/C","C/C","C/C","C/C","C/T","C/T","C/C","C/C","C/T","C/C","C/C","C/T","C/C","C/T","C/C","C/C","C/C","C/C","C/C","C/C","C/T","C/C","C/C","C/C","C/C","C/C","C/C","C/C","C/C","C/C","C/C","C/C","C/C","?/?","C/C","C/C","C/C","C/C","C/C","C/C","C/T","C/C","C/C","C/C","C/C","C/C","C/T","C/C","C/C","?/?","C/C","C/C","C/C","C/C","C/C","C/C","C/T","C/C","C/C","C/C","C/C","C/C","C/C","C/C","?/?","C/T","C/C","C/C","C/C","C/C","C/C","C/C","C/C","C/C","C/C","C/C","C/C","C/C","C/C","C/C","C/C","C/C","C/C","C/T","C/C","C/C","C/T","C/C","?/?","C/C","C/C","C/C","C/C","C/C","C/T","C/C","T/T","C/T","C/C","C/C","C/C","C/C","C/C","C/C","C/C","C/C","C/C","C/C","C/C","C/C","C/C","C/C","C/C","C/C","C/C","C/C","C/C","C/C","C/C","C/C","C/C","C/C","C/T","C/T","C/T","C/C","C/C","C/C","?/?","C/C","C/C","C/C","C/C","C/T","C/T","C/C","C/C","T/T","C/C","C/T","C/T","C/C","C/C","T/T","C/C","C/T","C/C","C/C","C/C","C/T","C/C","C/C","C/C","C/C","C/C","C/C","C/C","C/C","C/C","C/T","C/T","C/C","C/C","C/C","C/C","C/C","C/T","C/C","?/?","C/C","C/C","C/C","C/T","C/C","C/C","C/C","C/C","C/T","T/T","C/C","C/C","C/C","?/?","C/C","C/C","C/C","C/C","C/C","C/C","C/C","C/C","C/T","C/C","C/C","C/T","C/C","C/C","C/C","C/T","C/C","T/T","C/C","C/C","C/C","C/C","C/C","C/C","C/C","T/T","C/C","C/C","C/T","C/C","C/C","C/T","C/T","C/C","C/C","C/T","C/T","C/C","C/C","C/T","C/T","C/C","C/C","C/C","C/C","C/C","C/C","C/C","C/T","C/C","C/C","C/C","C/C","C/C","C/T","C/C","?/?","C/C","C/C","C/C","C/C","C/C","C/C","C/C","C/C","C/C","C/C","C/C","?/?","C/C","C/T","C/C","?/?","C/C","C/C","C/C","C/C","C/C","C/C","C/C","C/C","C/C","C/C","C/C","C/C","C/C","C/C","C/C","C/C","C/C","C/C","C/C","C/C","C/C","C/C","C/C","C/C","C/C","C/C","C/C","C/C","C/C","C/C","C/C","C/C","C/C","C/C","C/C","C/C","C/C","C/C","C/C","?/?","C/C","C/C","C/C","C/C","C/C","C/C","C/T","C/C","C/C","C/C","C/C","C/C","C/T","C/T","C/C","C/C","C/C","C/C","C/C","C/C","C/C","C/C","C/C","C/C","C/C","C/C","C/C","C/C","C/C","C/C","C/C","C/C","C/C","C/C","C/C","C/C","C/C","C/C","C/C","C/C","C/C","C/C","C/C","C/C","C/C","C/C","C/C","C/C","C/C","C/C","C/C","C/C","C/C","C/C","C/C","C/C","C/C","T/T","T/T","T/T","C/C","C/C","C/C","C/C","C/C","C/C","C/C","C/C","C/C","C/C","T/T","T/T","C/C","C/C","C/C","C/C","C/C"
"44","PZA00655.1",4108,"7","133818011","","","PZA00655","AY106777","AY106777","random",7933,11050,1,1,1,"G/G","?/?","?/?","G/G","G/G","G/G","G/G","G/T","G/G","G/T","G/G","G/G","G/G","G/G","G/G","G/G","G/G","G/T","G/T","G/G","G/G","G/G","G/G","G/G","G/T","G/T","G/G","G/G","G/G","G/T","G/T","G/T","G/T","G/T","G/T","G/G","G/G","G/T","G/G","G/G","G/G","G/G","G/G","G/G","G/G","G/G","G/G","G/G","?/?","G/G","G/G","G/G","G/G","G/G","G/G","G/G","G/G","G/G","G/G","G/G","G/G","G/G","G/G","G/G","G/G","G/G","G/G","G/G","G/T","G/G","G/G","G/G","G/G","G/G","G/T","G/G","G/G","G/G","G/G","G/T","G/G","G/G","G/G","G/G","G/G","G/G","G/G","G/G","G/G","T/T","G/G","G/G","G/T","G/G","G/G","G/G","G/G","G/G","G/G","G/G","G/T","G/G","G/G","G/G","G/G","G/G","G/G","G/G","G/G","G/G","G/G","G/G","G/G","G/G","G/T","G/G","G/G","G/G","G/G","G/G","G/G","G/G","G/G","G/G","G/G","G/G","G/G","G/G","G/G","G/G","G/G","G/G","G/G","G/G","G/G","G/G","G/G","G/G","G/G","G/G","G/G","G/G","G/G","G/G","G/G","G/G","G/G","G/G","G/G","G/G","G/G","G/G","G/G","G/G","G/G","G/G","G/G","G/G","G/G","G/G","G/G","G/G","G/G","G/G","G/G","G/G","G/G","G/G","G/G","G/G","G/G","G/G","G/G","G/G","G/G","G/G","G/G","G/G","G/G","G/G","G/G","G/G","G/G","G/G","G/G","G/G","G/G","G/T","G/G","G/G","G/G","G/G","G/G","G/G","G/G","G/G","G/T","G/G","G/G","G/G","G/G","G/G","G/G","G/G","G/G","G/G","G/G","G/G","G/G","G/G","G/G","G/G","G/G","G/G","G/G","G/G","G/G","G/G","G/G","G/T","G/G","G/G","G/G","G/G","G/G","G/T","G/G","G/T","G/T","G/G","G/G","G/G","G/G","G/G","G/G","G/T","G/G","G/G","G/G","G/G","G/G","G/G","G/G","G/G","G/G","G/G","G/G","G/G","G/G","G/G","G/T","G/G","G/G","G/G","G/G","G/G","G/G","G/G","G/G","G/T","G/G","G/G","G/G","G/G","G/G","T/T","G/T","G/T","G/G","G/G","G/G","G/G","G/G","G/G","G/G","G/G","G/G","G/G","G/G","G/G","G/G","G/G","G/G","G/T","G/G","G/T","G/G","G/G","G/G","G/G","G/G","G/G","G/G","G/G","G/G","G/G","G/G","G/G","G/T","?/?","G/G","G/T","G/G","G/G","G/G","G/G","G/G","G/G","G/G","G/G","?/?","G/G","G/G","G/G","G/G","G/G","G/G","G/G","G/G","G/G","G/G","G/G","G/G","G/G","G/G","G/G","G/G","G/G","G/G","G/G","G/G","G/G","G/G","G/G","G/G","G/G","G/G","G/G","G/G","G/T","G/G","G/G","G/G","G/G","G/G","G/T","G/G","G/G","G/G","G/G","G/T","G/G","G/G","G/G","G/G","G/G","G/G","?/?","G/G","G/G","G/G","G/G","G/G","G/G","G/G","G/G","G/G","G/G","G/G","G/G","G/G","G/G","G/G","G/G","G/G","G/T","G/G","G/G","G/G","G/G","G/G","G/G","G/G","G/G","G/G","G/T","G/G","G/T","G/T","G/G","G/G","G/G","G/G","G/G","G/G","G/G","G/T","G/G","G/T","G/G","G/T","G/G","G/G","G/G","G/G","G/G","?/?","G/G","G/G","G/G","G/G","G/G","G/T","G/G","G/G","G/G","G/G","G/G","G/G","G/G","G/G","G/G","G/G","G/G","G/G","G/G","G/G","G/G","G/G","G/G","G/G","G/G","G/G","G/G","G/G","G/G","G/G","G/G","G/G","G/G","G/G","G/G","G/G","G/G","G/G","G/G","G/G","G/G","G/G","G/G","G/G","G/G","G/G","G/G","G/G","G/G","G/G","G/G","G/G","G/G","G/G","T/T","G/G","?/?","G/G","G/T","G/G","G/G","G/G","G/G","G/T","G/G","G/G","G/G","G/G","G/G","G/G","G/G","G/G","G/G","G/T","G/G","G/G","T/T","G/T","G/G","G/G","G/G","G/G","G/G","G/G","G/G","G/G","G/G","G/G","G/G","G/G","G/G","G/G","G/G","G/G","G/G","G/G","G/G","G/G","G/G","G/G","G/G","G/G","G/G","G/G","G/T","G/G","G/G","G/G","G/G","G/G","G/G","G/G","G/G","G/G","G/G","G/G","G/G","G/G","G/G","G/G","G/G","G/G","G/G","G/G","G/G","G/G","G/G","G/G","G/G","G/G","G/G","G/G","G/G","G/G","G/G","G/T","?/?","G/G","G/G","G/G","G/G","G/G","G/G","G/G","G/G","G/G","?/?","G/G","G/G","G/G","G/G","G/G","G/G","G/G","G/G","G/G","G/T","G/G","G/G","G/G","G/G","G/G","G/G","G/G","G/G","G/G","G/G","G/G","G/G","G/G","G/G","G/G","G/G","G/G","G/G","G/G","G/G","G/G","G/G","G/G","G/G","G/G","G/G","G/G","G/G","G/G","G/G","G/G","G/T","G/G","G/G","G/G","G/G","G/G","G/G","G/G","G/G","G/G","G/G","G/G","G/G","G/G","G/G","G/G","G/G","G/G","G/G","G/G","G/G","G/G","G/G","G/G","G/G","G/G","G/G","G/G","G/G","G/G","G/G","G/G","G/G","G/G","G/G","G/G","G/G","G/T","G/G","G/G","G/G","G/G","G/G","G/G","G/G","G/G","G/G","G/G","G/G","G/G","G/T","G/G","G/G","G/G","G/G","G/G","?/?","G/G","G/G","G/G","G/G","G/G","G/G","G/G","G/T","G/G","G/G","G/T","G/G","G/G","G/G","G/G","G/G","G/G","G/G","G/G","G/G","G/G","G/G","G/G","G/T","G/G","G/T","G/T","G/G","G/G","G/G","G/G","G/G","G/G","G/G","G/G","G/G","G/G","G/G","G/G","?/?","G/G","G/G","G/G","G/G","G/T","G/G","G/G","?/?","G/G","G/G","G/G","G/G","G/G","G/G","G/G","G/T","G/G","G/G","G/G","G/G","G/G","G/T","G/G","G/G","G/G","G/G","G/G","G/G","G/G","G/T","G/G","G/G","G/G","G/G","G/G","G/T","G/G","G/T","G/T","G/T","G/G","G/T","G/G","G/G","G/G","G/G","G/G","G/G","G/G","G/G","G/G","G/G","G/G","G/G","G/G","G/G","G/G","G/G","G/G","G/G","G/G","G/G","G/G","G/G","G/G","G/G","G/G","G/G","G/G","G/G","G/G","G/G","T/T","G/T","G/G","G/G","G/G","G/G","G/G","G/G","G/G","G/G","G/T","G/G","G/G","G/G","G/G","G/G","G/T","G/G","G/G","G/G","G/G","G/G","G/G","G/G","G/G","G/G","G/G","G/G","G/G","G/G","G/G","G/G","G/G","G/G","G/G","G/G","G/G","G/G","G/G","G/G","G/G","G/G","G/G","G/G","G/G","G/G","G/G","G/G","G/G","G/G","G/G","G/G","G/G","G/G","G/G","G/G","G/G","G/G","G/G","G/G","G/G","G/G","G/G","G/G","G/G","G/G","G/G","G/G","G/G","G/G","G/G","G/G","G/G","G/G","G/G","G/G","G/G","G/G","G/G","G/G","G/G","G/G","G/G","G/G","G/G","G/G","G/G","G/G","G/G","G/G","G/G","G/G","G/G","?/?","G/G","G/G","G/G","G/G","G/G","G/G","G/G","G/G","G/G","G/G","G/G","G/G","G/G","G/G","G/G","G/G","G/G","G/T","T/T","?/?","G/G","G/G","T/T","T/T","G/T","G/T","G/T","G/T","G/T","G/G","G/T","G/T","G/T","G/G","G/G","G/T","G/G","G/T","G/T","G/G","G/G","G/G","G/G","G/G","G/T","G/G","G/G","G/G","G/G","G/G","G/G","G/G","G/G","G/G","G/G","G/G","G/G","G/G","G/G","G/G","G/G","G/G","G/G","G/G","G/G","G/G","G/G","G/G","G/G","G/G","G/G","G/G","G/G","G/G","G/G","G/G","G/G","G/G","G/G","G/G","G/G","G/G","G/G","G/G","G/G","G/G","G/G","G/G","G/G","G/G","G/G","?/?","G/G","G/G","G/G","G/G","G/G","G/G","G/G","G/G","?/?","G/G","G/G","G/G","G/G","?/?","G/G","G/G","G/G","G/G","G/G","?/?","G/G","G/G","G/G","?/?","G/G"
"6","PZA00111.4",3547,"7","133825665","","","PZA00111","AY110837","AY110837","random",9849,10579,0,0,0,"A/A","A/A","C/C","A/A","A/C","A/A","C/C","A/A","A/A","A/C","A/A","C/C","A/A","A/C","C/C","A/A","A/A","A/C","A/A","A/A","A/A","A/A","A/A","A/A","A/A","A/A","A/A","A/A","A/A","A/C","A/C","A/A","A/A","A/A","A/A","A/A","A/A","A/A","A/C","A/C","A/C","A/A","A/A","A/C","A/A","A/C","A/C","C/C","A/C","A/C","A/C","C/C","A/A","A/A","A/C","A/C","A/C","A/C","A/A","C/C","C/C","A/A","A/C","C/C","C/C","A/C","A/C","A/C","C/C","A/C","C/C","A/C","A/C","A/A","C/C","A/A","A/C","A/C","A/C","A/C","C/C","A/C","C/C","A/C","A/A","A/C","A/C","A/C","A/C","A/A","A/A","A/C","A/C","C/C","A/C","C/C","A/C","A/C","C/C","C/C","A/A","C/C","A/C","C/C","A/C","C/C","A/C","C/C","C/C","A/C","C/C","C/C","C/C","C/C","A/C","C/C","A/A","A/C","C/C","A/A","C/C","C/C","A/A","A/A","A/C","?/?","A/C","C/C","A/C","A/C","C/C","A/C","C/C","A/A","A/C","A/C","C/C","A/A","C/C","C/C","A/A","A/C","A/A","A/A","C/C","A/C","C/C","A/A","C/C","A/A","C/C","A/C","C/C","C/C","A/A","C/C","A/C","A/C","C/C","A/A","A/C","A/C","A/C","A/C","A/A","A/A","A/A","C/C","A/A","C/C","C/C","C/C","C/C","C/C","C/C","A/C","C/C","A/C","A/A","A/A","A/C","A/A","A/C","A/A","A/A","A/A","A/C","A/C","C/C","A/A","A/C","C/C","C/C","A/C","C/C","C/C","A/C","A/A","C/C","A/C","C/C","C/C","C/C","A/C","C/C","C/C","C/C","A/C","C/C","C/C","C/C","C/C","A/C","C/C","A/C","C/C","A/A","A/A","A/A","A/C","C/C","A/C","A/C","C/C","C/C","A/A","A/C","A/C","A/A","A/A","C/C","A/C","A/C","A/A","A/C","A/C","A/A","C/C","A/A","C/C","A/C","A/C","A/A","A/C","A/C","A/A","A/A","A/C","A/C","A/C","A/C","A/A","A/C","C/C","A/C","A/A","A/A","A/A","A/A","A/A","A/C","A/C","C/C","A/A","A/A","A/A","A/A","A/A","A/A","C/C","C/C","A/A","C/C","A/C","C/C","C/C","A/C","A/C","A/A","C/C","C/C","A/A","C/C","A/A","A/C","A/C","A/A","A/C","A/C","A/A","A/A","A/C","A/A","A/A","A/C","A/C","A/A","A/A","A/C","A/C","A/A","A/C","A/C","A/C","A/A","A/A","A/A","A/A","A/C","A/A","A/A","A/A","A/C","C/C","A/C","C/C","C/C","C/C","A/C","A/C","A/C","C/C","?/?","C/C","C/C","C/C","A/C","A/C","A/C","A/C","A/C","C/C","C/C","C/C","C/C","A/C","C/C","A/C","C/C","A/A","C/C","C/C","C/C","C/C","C/C","C/C","C/C","C/C","C/C","A/C","A/A","A/C","C/C","A/C","C/C","C/C","A/C","C/C","A/C","A/C","A/C","A/C","A/C","C/C","A/C","A/C","C/C","A/C","A/C","C/C","C/C","A/C","A/C","A/C","C/C","A/A","A/C","A/C","C/C","C/C","A/A","A/A","C/C","A/C","A/C","A/A","A/C","A/A","A/A","A/A","A/C","A/C","A/C","C/C","A/C","A/C","A/C","A/C","A/A","C/C","A/A","A/C","A/C","A/A","A/A","A/A","A/C","A/A","A/A","A/C","A/A","C/C","C/C","A/C","A/A","A/A","A/C","C/C","A/C","A/A","A/A","A/A","A/A","A/C","A/A","A/A","A/C","A/A","A/A","A/C","A/A","A/C","A/C","A/C","A/C","A/A","A/A","C/C","A/C","C/C","A/A","A/C","A/C","C/C","A/C","A/A","A/C","A/A","A/A","A/C","A/C","A/C","A/C","C/C","A/C","A/C","C/C","A/C","A/C","A/C","A/C","A/A","C/C","A/A","A/C","A/A","A/C","A/A","A/C","C/C","A/A","A/C","A/A","A/A","A/A","C/C","A/A","A/C","A/C","C/C","A/C","A/A","A/A","A/A","A/C","A/C","A/C","A/A","A/A","A/C","A/A","A/C","A/A","A/A","A/A","A/A","A/A","A/A","A/A","A/C","A/C","A/A","A/C","A/A","A/A","A/A","A/C","A/A","A/C","A/A","A/A","A/C","A/C","A/A","A/C","A/C","A/A","A/C","A/A","A/C","A/C","A/A","C/C","A/A","A/C","A/A","A/C","C/C","A/A","C/C","A/C","A/C","A/C","A/C","A/C","A/C","A/C","A/A","C/C","C/C","A/A","A/C","A/A","A/C","A/C","A/C","A/C","A/A","A/C","A/C","A/C","A/C","A/A","A/A","A/C","C/C","A/C","A/A","A/A","A/A","A/C","A/A","A/A","A/C","A/A","A/A","A/A","A/C","A/A","A/A","A/C","A/C","A/A","A/A","A/A","A/A","A/C","C/C","A/A","A/A","A/A","A/C","A/C","A/A","A/A","A/C","C/C","A/C","A/C","A/A","A/A","A/C","A/C","C/C","A/C","A/C","A/A","A/A","A/A","A/C","A/A","A/C","A/C","A/C","A/C","A/A","A/A","A/A","A/A","A/A","A/C","A/A","A/C","C/C","C/C","A/A","A/A","A/A","C/C","A/A","C/C","A/C","A/C","A/C","A/C","C/C","A/C","C/C","C/C","A/C","A/C","C/C","C/C","A/C","A/C","A/A","A/C","A/A","C/C","A/C","A/C","A/C","A/C","A/C","A/C","A/A","A/C","A/C","A/C","A/C","C/C","A/A","A/C","A/C","A/C","C/C","C/C","A/C","C/C","A/C","A/C","A/C","A/C","A/C","A/C","A/C","A/A","C/C","C/C","A/C","A/A","A/C","A/C","A/C","A/A","A/A","A/C","A/A","A/A","A/A","A/A","A/A","A/C","A/A","A/A","A/C","A/C","A/C","A/A","A/A","A/A","A/A","A/C","A/C","A/A","A/A","A/A","A/C","A/A","A/C","A/A","A/A","A/A","A/A","C/C","A/A","A/A","A/A","A/A","A/A","A/A","A/C","A/C","C/C","A/A","C/C","A/A","A/A","A/A","A/A","A/C","A/C","A/A","A/A","A/A","A/A","A/C","A/A","C/C","C/C","A/A","A/C","A/C","A/C","A/A","C/C","A/A","C/C","C/C","C/C","C/C","A/C","A/C","A/C","C/C","C/C","A/C","A/A","A/A","A/C","C/C","A/A","A/A","A/A","A/C","C/C","C/C","C/C","A/C","C/C","A/A","A/A","A/A","A/C","C/C","C/C","A/C","A/C","A/A","A/A","A/C","A/C","A/C","A/A","A/C","A/C","A/A","C/C","C/C","C/C","A/A","A/C","A/A","A/C","A/A","A/C","A/A","C/C","C/C","C/C","A/A","C/C","A/A","A/C","A/A","C/C","A/A","A/A","A/A","A/C","A/A","A/A","A/A","C/C","A/A","A/C","A/C","A/A","C/C","A/C","A/C","A/A","A/A","A/C","A/A","A/A","A/A","A/C","A/A","A/C","C/C","A/C","C/C","C/C","A/A","C/C","C/C","C/C","C/C","C/C","A/A","A/C","A/C","A/A","A/C","A/C","C/C","C/C","A/A","A/C","A/A","C/C","A/C","A/C","A/A","A/C","A/C","C/C","A/C","C/C","A/C","C/C","A/C","A/A","C/C","C/C","C/C","A/C","A/C","A/A","A/A","A/C","A/A","A/C","C/C","C/C","A/A","C/C","C/C","A/C","C/C","A/A","C/C","A/A","A/A","A/A","A/A","A/A","A/C","A/A","A/A","A/A","A/C","A/C","A/A","A/A","A/A","A/C","A/A","A/A","A/A","A/A","A/A","A/A","A/C","A/A","A/A","A/A","A/A","A/A","C/C","A/C","A/A","A/A","A/A","A/A","A/A","A/A","A/A","A/A","C/C","A/C","A/A","A/A","A/A","A/C","A/A","A/A","A/A","A/A","A/A","A/A","A/C","A/C","A/A","A/A","A/A","A/A","A/A","A/A","A/A","A/A","A/A","A/A","C/C","C/C","C/C","A/A","?/?","A/A","A/A","A/A","C/C","C/C","C/C","C/C","C/C","C/C","C/C","C/C","C/C","C/C","C/C","C/C","C/C","?/?","A/A","A/A","C/C","?/?","A/A","A/A","?/?","A/A","A/A","C/C","C/C","C/C","?/?","A/A","A/A","A/A","A/A","A/A","A/A"
"9","PZA00111.8",10915,"7","133825812","","","PZA00111","AY110837","AY110837","random",9852,10582,0,0,0,"A/A","T/T","A/A","A/A","T/T","T/T","A/A","T/T","A/T","T/T","T/T","A/A","T/T","A/T","T/T","T/T","A/T","A/T","A/T","T/T","T/T","T/T","T/T","T/T","A/T","T/T","T/T","T/T","T/T","A/T","T/T","T/T","T/T","T/T","T/T","T/T","T/T","T/T","T/T","T/T","T/T","T/T","?/?","A/T","T/T","T/T","T/T","A/T","T/T","T/T","T/T","T/T","A/T","T/T","T/T","A/T","T/T","T/T","T/T","A/T","A/T","T/T","T/T","A/T","A/A","A/T","T/T","T/T","A/A","A/T","T/T","A/T","T/T","T/T","A/A","T/T","A/T","T/T","A/T","T/T","A/T","T/T","T/T","A/T","T/T","T/T","A/T","A/T","A/T","T/T","A/T","A/T","T/T","T/T","T/T","T/T","T/T","T/T","T/T","T/T","T/T","A/A","T/T","T/T","?/?","A/T","A/T","T/T","T/T","A/T","T/T","A/A","A/A","A/T","T/T","T/T","T/T","A/T","T/T","T/T","T/T","T/T","T/T","A/A","T/T","T/T","T/T","T/T","T/T","T/T","T/T","T/T","T/T","T/T","T/T","A/T","T/T","?/?","T/T","A/T","T/T","T/T","T/T","A/A","T/T","A/T","T/T","A/A","T/T","A/A","T/T","A/T","T/T","T/T","A/T","T/T","T/T","A/T","T/T","A/A","A/T","A/T","T/T","A/T","A/T","T/T","A/T","A/T","T/T","T/T","T/T","T/T","T/T","T/T","T/T","T/T","T/T","A/T","A/T","A/A","T/T","A/T","T/T","T/T","T/T","T/T","A/A","T/T","A/T","T/T","A/T","A/A","A/T","T/T","A/T","T/T","A/T","T/T","T/T","T/T","A/A","A/A","A/T","T/T","T/T","T/T","A/T","T/T","A/A","A/T","A/A","A/A","A/T","T/T","A/T","A/T","T/T","T/T","A/T","T/T","T/T","T/T","T/T","T/T","T/T","T/T","T/T","T/T","T/T","T/T","T/T","T/T","T/T","T/T","T/T","T/T","A/T","T/T","T/T","T/T","T/T","T/T","T/T","T/T","T/T","A/T","A/T","A/T","A/T","A/T","T/T","A/A","A/A","T/T","A/T","A/T","T/T","A/T","A/A","T/T","A/T","T/T","A/T","T/T","A/T","T/T","T/T","A/T","A/A","T/T","A/T","A/T","A/T","T/T","T/T","A/T","A/A","A/T","A/T","T/T","T/T","A/T","T/T","?/?","T/T","T/T","T/T","T/T","T/T","T/T","T/T","T/T","T/T","A/T","T/T","T/T","A/T","A/T","T/T","T/T","T/T","T/T","T/T","A/T","T/T","A/T","T/T","T/T","?/?","T/T","T/T","A/T","A/T","T/T","T/T","T/T","T/T","T/T","T/T","A/T","T/T","T/T","T/T","A/T","T/T","T/T","T/T","?/?","T/T","?/?","T/T","T/T","T/T","T/T","T/T","T/T","T/T","T/T","T/T","T/T","T/T","T/T","T/T","T/T","T/T","T/T","T/T","T/T","T/T","T/T","A/T","A/T","T/T","A/T","T/T","T/T","T/T","T/T","T/T","T/T","T/T","?/?","T/T","A/T","T/T","T/T","T/T","T/T","T/T","T/T","T/T","T/T","A/T","T/T","T/T","T/T","T/T","T/T","T/T","T/T","T/T","T/T","T/T","T/T","A/T","T/T","T/T","T/T","T/T","T/T","T/T","T/T","A/T","A/T","A/T","A/T","T/T","A/T","T/T","T/T","T/T","T/T","A/T","T/T","T/T","T/T","T/T","T/T","T/T","T/T","T/T","A/T","T/T","T/T","T/T","T/T","A/T","A/T","T/T","T/T","T/T","T/T","T/T","A/T","T/T","T/T","T/T","T/T","T/T","T/T","T/T","T/T","T/T","T/T","T/T","A/T","T/T","A/T","A/T","T/T","T/T","T/T","A/T","T/T","T/T","T/T","T/T","T/T","T/T","A/T","T/T","T/T","T/T","A/T","T/T","T/T","T/T","T/T","T/T","A/T","A/T","T/T","T/T","T/T","A/T","T/T","?/?","T/T","T/T","T/T","T/T","T/T","T/T","T/T","T/T","T/T","T/T","T/T","T/T","T/T","T/T","T/T","T/T","T/T","T/T","A/A","A/T","A/T","T/T","A/T","T/T","T/T","T/T","T/T","T/T","T/T","T/T","T/T","T/T","T/T","T/T","T/T","T/T","T/T","T/T","A/T","T/T","?/?","A/T","T/T","T/T","T/T","T/T","A/T","A/T","T/T","T/T","A/T","A/A","?/?","T/T","A/T","A/T","T/T","T/T","T/T","T/T","A/T","T/T","T/T","A/T","T/T","T/T","A/T","A/T","T/T","T/T","T/T","A/T","A/T","?/?","A/T","A/T","A/T","A/T","T/T","T/T","T/T","T/T","A/T","A/T","T/T","T/T","T/T","T/T","T/T","T/T","T/T","T/T","T/T","T/T","T/T","T/T","T/T","T/T","T/T","T/T","?/?","T/T","T/T","T/T","T/T","T/T","T/T","T/T","T/T","T/T","T/T","T/T","T/T","A/T","T/T","A/T","T/T","A/T","T/T","T/T","A/T","A/T","T/T","T/T","A/T","A/A","T/T","A/A","T/T","T/T","T/T","T/T","T/T","A/T","A/T","T/T","T/T","T/T","A/T","T/T","?/?","A/T","T/T","A/T","T/T","A/A","A/T","A/T","T/T","A/T","T/T","T/T","T/T","A/T","T/T","A/T","T/T","A/T","A/T","A/T","A/T","A/T","T/T","T/T","A/T","T/T","A/T","A/T","T/T","A/T","T/T","A/A","T/T","A/T","T/T","A/T","T/T","A/T","A/T","T/T","T/T","T/T","T/T","A/T","T/T","T/T","A/T","A/T","T/T","T/T","A/T","T/T","T/T","A/T","A/T","T/T","A/T","T/T","T/T","T/T","T/T","T/T","A/A","A/T","A/T","T/T","T/T","T/T","T/T","T/T","T/T","T/T","A/T","T/T","T/T","A/T","T/T","T/T","T/T","T/T","T/T","T/T","T/T","A/T","T/T","T/T","T/T","T/T","T/T","T/T","T/T","T/T","T/T","T/T","T/T","T/T","T/T","A/A","A/T","A/T","A/T","T/T","A/T","A/T","A/A","A/A","A/T","T/T","A/T","A/T","A/T","A/T","A/T","A/T","T/T","A/T","A/A","A/T","A/T","A/T","T/T","A/A","A/T","A/T","A/T","T/T","T/T","T/T","T/T","T/T","T/T","T/T","T/T","T/T","A/T","T/T","T/T","T/T","T/T","T/T","T/T","?/?","A/T","T/T","T/T","T/T","T/T","A/T","T/T","T/T","T/T","T/T","T/T","T/T","T/T","T/T","A/T","T/T","T/T","T/T","T/T","A/T","T/T","?/?","T/T","A/T","T/T","T/T","T/T","A/T","T/T","T/T","T/T","A/T","T/T","A/T","A/T","T/T","T/T","T/T","A/T","A/T","T/T","A/T","T/T","A/T","T/T","T/T","T/T","A/T","T/T","T/T","A/T","A/T","T/T","T/T","A/T","A/A","T/T","T/T","A/A","T/T","A/T","T/T","T/T","A/A","A/T","A/T","T/T","?/?","T/T","A/T","T/T","T/T","A/T","A/T","T/T","T/T","A/T","T/T","T/T","T/T","T/T","T/T","?/?","T/T","T/T","T/T","T/T","T/T","T/T","T/T","?/?","T/T","T/T","T/T","T/T","T/T","T/T","T/T","A/T","T/T","A/T","T/T","A/T","T/T","T/T","A/T","T/T","T/T","T/T","A/T","T/T","A/T","A/T","A/A","T/T","A/T","A/T","T/T","T/T","T/T","A/T","T/T","T/T","A/T","A/T","A/A","A/T","T/T","T/T","A/T","A/T","T/T","T/T","T/T","T/T","T/T","A/T","A/A","A/T","T/T","A/T","A/T","T/T","T/T","T/T","T/T","A/T","T/T","A/A","A/T","T/T","A/A","T/T","A/T","A/T","A/T","A/A","A/T","T/T","T/T","A/T","A/T","T/T","T/T","T/T","T/T","T/T","T/T","T/T","T/T","T/T","T/T","T/T","T/T","A/T","T/T","T/T","T/T","A/T","T/T","A/A","A/A","T/T","T/T","T/T","T/T","T/T","T/T","T/T","T/T","T/T","T/T","T/T","T/T","T/T","A/A","A/A","T/T","T/T","T/T","T/T","T/T","T/T","T/T","T/T","T/T","A/A","A/A","A/A","T/T","T/T","T/T","T/T","T/T","T/T","T/T","A/A","A/A","?/?","A/A","A/A","T/T","T/T","T/T","T/T","T/T"
"8","PZA00111.6",10913,"7","133825909","","","PZA00111","AY110837","AY110837","random",9851,10581,0,0,0,"C/C","C/G","C/C","C/C","G/G","C/G","C/C","G/G","C/G","C/G","G/G","C/C","C/C","C/C","C/G","G/G","C/G","C/G","C/G","C/C","G/G","C/C","C/C","C/G","C/G","G/G","G/G","C/G","C/C","C/G","G/G","G/G","G/G","C/G","G/G","G/G","C/G","G/G","G/G","C/G","G/G","G/G","C/G","C/G","G/G","G/G","C/G","C/G","G/G","G/G","G/G","G/G","C/G","G/G","G/G","C/G","C/G","G/G","C/G","?/?","C/G","G/G","C/G","C/G","C/C","C/G","G/G","G/G","C/C","C/G","G/G","C/G","G/G","G/G","C/C","G/G","C/G","C/G","C/G","G/G","C/C","C/G","G/G","C/G","G/G","G/G","C/G","C/G","C/G","G/G","C/C","C/G","C/G","G/G","C/C","G/G","G/G","G/G","C/G","C/G","G/G","C/C","G/G","G/G","G/G","C/G","C/C","C/G","G/G","C/G","G/G","C/C","C/C","C/C","G/G","C/G","G/G","C/G","C/G","G/G","C/C","G/G","G/G","C/C","C/G","C/C","C/G","G/G","C/C","C/G","C/G","C/C","C/G","C/C","C/C","C/C","G/G","C/C","C/C","C/C","G/G","C/C","C/C","C/C","C/G","C/G","G/G","C/C","G/G","C/C","C/G","C/G","C/C","G/G","C/G","C/G","C/G","C/G","G/G","C/C","C/C","C/G","G/G","C/C","C/G","C/C","C/G","C/G","C/G","G/G","G/G","G/G","G/G","G/G","G/G","C/G","G/G","C/G","C/G","C/C","G/G","C/C","G/G","G/G","G/G","G/G","C/C","G/G","C/C","G/G","C/G","?/?","C/G","G/G","C/C","G/G","C/G","G/G","C/C","G/G","C/C","C/C","C/G","C/G","C/G","G/G","C/G","G/G","C/C","C/G","C/C","C/C","C/G","G/G","C/G","C/C","G/G","G/G","C/G","G/G","G/G","C/G","G/G","G/G","G/G","G/G","G/G","G/G","G/G","G/G","G/G","C/G","G/G","G/G","C/G","G/G","C/G","C/G","G/G","G/G","G/G","G/G","G/G","G/G","G/G","C/G","C/G","C/G","C/C","C/G","G/G","C/C","C/C","G/G","C/G","C/G","C/G","C/G","C/C","G/G","C/G","G/G","C/G","G/G","C/G","G/G","G/G","C/G","C/C","G/G","?/?","C/G","C/G","?/?","G/G","C/G","C/C","C/G","C/G","G/G","G/G","C/G","G/G","G/G","G/G","G/G","G/G","G/G","G/G","C/G","C/G","C/G","G/G","C/G","G/G","G/G","C/G","C/G","G/G","G/G","G/G","G/G","G/G","?/?","C/G","C/G","C/G","G/G","G/G","G/G","G/G","C/G","C/G","G/G","G/G","C/G","G/G","G/G","G/G","C/G","C/G","G/G","G/G","C/G","G/G","G/G","G/G","G/G","G/G","G/G","G/G","G/G","G/G","G/G","G/G","G/G","G/G","C/G","G/G","G/G","G/G","G/G","G/G","G/G","G/G","G/G","G/G","G/G","G/G","G/G","C/G","C/G","G/G","C/G","G/G","G/G","G/G","G/G","G/G","G/G","?/?","?/?","G/G","C/G","G/G","G/G","G/G","G/G","G/G","C/G","C/G","C/C","C/G","G/G","C/G","G/G","G/G","G/G","G/G","G/G","G/G","G/G","G/G","G/G","C/G","G/G","G/G","G/G","G/G","G/G","G/G","G/G","C/G","C/G","?/?","C/G","G/G","C/G","G/G","G/G","G/G","C/G","C/G","C/G","G/G","C/G","G/G","G/G","C/G","G/G","C/G","C/G","G/G","G/G","G/G","G/G","C/G","C/G","G/G","G/G","G/G","G/G","G/G","C/G","C/G","G/G","G/G","G/G","C/G","G/G","G/G","G/G","G/G","G/G","G/G","C/G","G/G","C/G","C/G","G/G","G/G","G/G","C/G","G/G","G/G","G/G","G/G","G/G","G/G","C/C","G/G","G/G","G/G","C/G","?/?","G/G","C/G","G/G","G/G","C/G","G/G","?/?","C/G","C/G","C/C","C/G","?/?","G/G","G/G","G/G","C/C","C/G","G/G","G/G","G/G","G/G","G/G","C/G","G/G","G/G","C/G","G/G","C/G","C/G","C/C","C/C","C/G","C/G","G/G","C/G","G/G","G/G","C/G","C/G","G/G","?/?","G/G","G/G","C/G","G/G","G/G","G/G","G/G","G/G","G/G","C/G","G/G","C/G","C/G","G/G","G/G","G/G","G/G","C/G","C/G","G/G","G/G","C/G","C/C","C/G","C/G","C/C","C/G","G/G","C/G","C/C","G/G","C/G","G/G","G/G","C/G","G/G","G/G","C/C","C/G","G/G","G/G","C/G","C/G","C/G","G/G","C/G","C/G","C/G","C/C","G/G","C/G","G/G","G/G","C/G","C/G","C/G","C/G","C/C","C/C","C/C","C/G","C/G","C/C","G/G","C/C","G/G","C/C","G/G","C/C","C/G","C/C","C/C","C/C","C/G","C/C","C/C","C/C","C/C","C/C","C/G","C/C","C/C","G/G","G/G","C/C","G/G","C/G","G/G","C/G","G/G","G/G","C/C","C/G","G/G","G/G","C/G","C/C","G/G","C/C","?/?","C/G","C/G","G/G","G/G","C/G","C/C","G/G","G/G","C/G","C/G","C/G","C/C","C/C","C/G","C/G","G/G","C/C","C/G","C/G","G/G","C/G","G/G","G/G","G/G","C/G","G/G","C/G","G/G","C/G","C/G","?/?","C/G","C/G","G/G","G/G","C/G","G/G","C/G","C/G","G/G","C/G","G/G","C/G","G/G","C/G","G/G","C/G","G/G","C/C","?/?","C/G","C/G","G/G","G/G","C/G","G/G","C/G","G/G","C/G","G/G","G/G","C/C","C/G","G/G","C/G","C/G","G/G","C/G","G/G","G/G","G/G","C/G","G/G","C/C","C/C","C/C","G/G","G/G","C/C","G/G","G/G","G/G","G/G","C/G","G/G","G/G","C/G","G/G","C/G","G/G","G/G","G/G","G/G","G/G","C/G","G/G","G/G","G/G","C/C","G/G","G/G","G/G","C/C","C/G","G/G","G/G","C/G","G/G","C/C","C/G","C/G","C/G","C/G","C/C","C/G","C/C","C/C","C/G","C/G","C/G","C/C","C/C","C/G","C/G","C/G","G/G","C/C","C/C","C/C","C/G","C/G","G/G","C/C","C/G","C/G","C/G","G/G","G/G","C/G","G/G","C/G","G/G","G/G","G/G","G/G","C/G","G/G","G/G","G/G","G/G","G/G","C/G","C/G","C/G","G/G","C/G","C/C","C/G","C/G","G/G","G/G","G/G","C/G","G/G","C/G","C/G","?/?","C/G","G/G","G/G","G/G","G/G","C/G","C/G","C/G","G/G","C/G","C/G","C/G","G/G","C/G","G/G","G/G","G/G","C/G","?/?","C/C","C/G","G/G","G/G","G/G","C/C","C/G","G/G","C/C","G/G","C/G","C/C","G/G","G/G","C/C","G/G","G/G","C/G","C/G","C/G","G/G","C/G","C/C","C/G","C/G","C/C","G/G","C/G","G/G","G/G","C/C","C/G","C/G","G/G","C/G","G/G","C/G","G/G","C/G","C/G","C/G","G/G","G/G","C/G","G/G","G/G","G/G","G/G","C/G","C/C","C/G","G/G","G/G","C/G","C/C","G/G","C/G","C/G","G/G","G/G","G/G","C/G","C/G","C/G","G/G","C/G","C/G","C/G","G/G","C/G","G/G","?/?","C/G","G/G","G/G","?/?","C/G","C/G","C/G","C/G","C/C","G/G","C/C","C/G","C/G","G/G","G/G","C/G","G/G","G/G","C/G","C/C","C/C","C/G","G/G","G/G","C/G","C/G","G/G","G/G","G/G","G/G","C/G","C/G","C/G","C/G","G/G","?/?","C/G","G/G","G/G","G/G","G/G","C/G","G/G","C/C","C/G","G/G","C/C","G/G","C/G","C/G","C/C","C/C","C/C","G/G","G/G","C/G","C/C","C/C","C/C","C/C","C/C","C/G","C/C","C/G","C/C","C/C","C/C","C/C","C/C","C/C","C/C","C/C","C/C","C/G","G/G","C/C","C/C","C/C","C/C","C/C","G/G","G/G","G/G","G/G","G/G","?/?","C/C","C/C","G/G","G/G","C/C","C/C","G/G","G/G","G/G","G/G","G/G","C/C","C/C","C/C","C/C","C/C","C/C","C/C","G/G","G/G","G/G","G/G","G/G","G/G","G/G","C/C","C/C","C/C","C/C","C/C","G/G","G/G","G/G","G/G","G/G"
"7","PZA00111.5",10912,"7","133825912","","","PZA00111","AY110837","AY110837","random",9850,10580,0,0,0,"A/A","A/G","A/A","A/A","G/G","A/G","A/A","G/G","A/G","A/G","G/G","A/A","A/A","A/A","A/G","G/G","A/G","A/G","A/G","A/A","G/G","A/A","A/A","A/G","A/G","G/G","G/G","A/G","A/A","A/G","G/G","G/G","G/G","A/G","G/G","G/G","A/G","G/G","G/G","A/G","G/G","G/G","A/G","A/G","G/G","G/G","A/G","A/G","G/G","G/G","G/G","G/G","A/G","G/G","G/G","A/G","A/G","G/G","A/G","A/G","A/G","G/G","A/G","A/G","A/A","A/G","G/G","G/G","A/A","A/G","G/G","A/G","G/G","G/G","A/A","G/G","A/G","A/G","A/G","G/G","A/A","A/G","G/G","A/G","G/G","G/G","A/G","A/G","A/G","G/G","A/A","A/G","A/G","G/G","A/A","G/G","G/G","G/G","A/G","A/G","G/G","A/A","G/G","G/G","G/G","A/G","A/A","A/G","G/G","A/G","G/G","A/A","A/A","A/A","G/G","A/G","G/G","A/G","A/G","G/G","A/A","G/G","G/G","A/A","A/G","A/A","A/G","G/G","A/A","A/G","A/G","A/A","A/G","A/A","A/A","A/A","G/G","A/A","A/A","A/A","G/G","A/A","A/A","A/A","A/G","A/G","G/G","A/A","G/G","A/A","A/G","A/G","A/A","G/G","A/G","A/G","A/G","A/G","G/G","A/A","A/A","A/G","G/G","A/A","A/G","A/A","A/G","A/G","A/G","G/G","G/G","G/G","G/G","G/G","G/G","A/G","G/G","A/G","A/G","A/A","G/G","A/A","G/G","G/G","G/G","G/G","A/A","G/G","A/A","G/G","A/G","A/A","A/G","G/G","A/A","G/G","A/G","G/G","A/A","G/G","A/A","A/A","A/G","A/G","A/G","G/G","A/G","G/G","A/A","A/G","A/A","A/A","A/G","G/G","A/G","A/A","G/G","G/G","A/G","G/G","G/G","A/G","G/G","G/G","G/G","G/G","G/G","G/G","G/G","G/G","G/G","A/G","G/G","G/G","A/G","G/G","A/G","A/G","G/G","G/G","G/G","G/G","G/G","G/G","G/G","A/G","A/G","A/G","A/G","A/G","G/G","A/A","A/A","G/G","A/G","A/G","A/G","A/G","A/A","G/G","A/G","G/G","A/G","G/G","A/G","G/G","G/G","A/G","A/A","G/G","A/G","A/G","A/G","G/G","G/G","A/G","A/A","A/G","A/G","G/G","G/G","A/G","G/G","G/G","G/G","G/G","G/G","G/G","G/G","A/G","A/G","A/G","G/G","A/G","G/G","G/G","A/G","A/G","G/G","G/G","G/G","G/G","G/G","A/G","A/G","A/G","A/G","G/G","G/G","G/G","G/G","A/G","A/G","G/G","G/G","A/G","G/G","G/G","G/G","A/G","A/G","G/G","G/G","A/G","G/G","G/G","G/G","G/G","G/G","G/G","G/G","G/G","G/G","G/G","G/G","G/G","G/G","G/G","G/G","G/G","G/G","G/G","G/G","G/G","G/G","G/G","G/G","G/G","G/G","G/G","A/G","A/G","G/G","A/G","G/G","G/G","G/G","G/G","G/G","G/G","G/G","?/?","G/G","A/G","G/G","G/G","G/G","G/G","G/G","A/G","A/G","A/A","A/G","G/G","G/G","G/G","G/G","G/G","G/G","G/G","G/G","G/G","G/G","G/G","A/G","G/G","G/G","G/G","G/G","G/G","G/G","G/G","A/G","A/G","A/A","A/G","G/G","A/G","G/G","G/G","G/G","A/G","A/G","A/G","G/G","A/G","G/G","G/G","A/G","G/G","A/G","A/G","G/G","G/G","G/G","G/G","A/G","A/G","G/G","G/G","G/G","G/G","G/G","A/G","A/G","G/G","G/G","G/G","A/G","G/G","G/G","G/G","G/G","G/G","G/G","A/G","G/G","A/G","A/G","G/G","G/G","G/G","A/G","G/G","G/G","G/G","G/G","G/G","G/G","A/A","G/G","G/G","G/G","A/G","G/G","G/G","A/G","G/G","G/G","A/G","G/G","?/?","A/G","A/G","A/A","A/G","A/G","G/G","G/G","G/G","G/G","?/?","G/G","G/G","G/G","G/G","G/G","A/G","G/G","G/G","A/G","G/G","A/G","A/G","A/A","A/A","A/G","A/G","G/G","A/G","G/G","G/G","A/G","A/G","G/G","G/G","G/G","G/G","A/G","G/G","G/G","G/G","G/G","G/G","G/G","A/G","G/G","A/G","A/G","G/G","G/G","G/G","G/G","A/G","A/G","G/G","G/G","A/G","A/A","?/?","A/G","A/A","A/G","G/G","A/G","A/A","G/G","A/G","G/G","G/G","A/G","G/G","G/G","A/A","A/G","G/G","G/G","G/G","A/G","A/G","?/?","A/G","A/G","A/G","A/G","G/G","A/G","G/G","G/G","A/G","A/G","A/G","G/G","A/A","A/A","A/A","A/G","A/G","A/A","G/G","A/A","G/G","A/A","G/G","A/A","A/G","A/A","?/?","A/A","A/G","?/?","A/A","A/G","A/A","A/A","A/G","A/A","A/A","G/G","G/G","A/A","G/G","A/G","G/G","A/G","G/G","G/G","A/A","A/G","G/G","G/G","A/G","A/A","G/G","A/A","G/G","A/G","A/G","G/G","G/G","A/G","A/A","G/G","G/G","A/G","A/G","A/G","A/A","A/A","A/G","A/G","G/G","A/A","A/G","A/G","G/G","A/G","G/G","G/G","G/G","A/G","G/G","A/G","G/G","A/G","A/G","A/G","A/G","A/G","G/G","G/G","A/G","G/G","A/G","A/G","G/G","A/G","G/G","A/G","G/G","A/G","G/G","A/G","G/G","A/G","G/G","A/G","A/G","G/G","G/G","A/G","G/G","A/G","G/G","A/G","G/G","G/G","A/A","A/G","G/G","A/G","A/G","G/G","A/G","G/G","G/G","G/G","A/G","G/G","A/A","A/A","A/A","G/G","G/G","A/A","G/G","G/G","G/G","G/G","A/G","G/G","G/G","A/G","G/G","A/G","G/G","G/G","G/G","G/G","G/G","A/G","G/G","G/G","G/G","A/A","G/G","G/G","G/G","A/A","A/G","G/G","G/G","A/G","G/G","A/A","A/G","A/G","A/G","A/G","A/A","A/G","A/A","A/A","A/G","A/G","A/G","A/A","A/A","A/G","A/G","A/G","G/G","?/?","A/A","A/A","A/G","A/G","G/G","A/A","A/G","A/G","A/G","G/G","G/G","A/G","G/G","A/G","G/G","G/G","G/G","G/G","A/G","G/G","G/G","G/G","G/G","G/G","A/G","?/?","A/G","G/G","A/G","A/A","A/G","A/G","G/G","G/G","G/G","A/G","G/G","A/G","A/G","A/G","A/G","G/G","G/G","G/G","G/G","A/G","A/G","A/G","G/G","A/G","A/G","A/G","G/G","A/G","G/G","G/G","G/G","A/G","G/G","A/A","A/G","G/G","G/G","G/G","A/A","A/G","G/G","A/A","G/G","A/G","A/A","G/G","G/G","A/A","G/G","G/G","?/?","A/G","A/G","G/G","A/G","A/A","A/G","A/G","A/A","G/G","A/G","G/G","G/G","A/A","A/G","A/G","G/G","?/?","G/G","A/G","G/G","A/G","A/G","A/G","G/G","G/G","A/G","G/G","G/G","G/G","G/G","A/G","A/A","A/G","G/G","G/G","A/G","A/A","G/G","A/G","?/?","G/G","G/G","G/G","A/G","A/G","?/?","G/G","A/G","A/G","A/G","G/G","A/G","G/G","G/G","A/G","G/G","G/G","G/G","A/G","A/G","A/G","A/G","A/A","G/G","A/A","A/G","A/G","G/G","G/G","A/G","G/G","G/G","A/G","A/A","A/A","A/G","G/G","G/G","A/G","A/G","G/G","G/G","G/G","G/G","A/G","A/G","A/G","A/G","G/G","A/G","A/G","G/G","G/G","G/G","G/G","A/G","G/G","A/A","A/G","G/G","A/A","G/G","A/G","A/G","A/A","A/A","A/A","G/G","G/G","A/G","A/A","A/A","A/A","A/A","A/A","A/G","A/A","A/G","A/A","A/A","A/A","A/A","A/A","A/A","A/A","A/A","A/A","A/G","?/?","A/A","A/A","A/A","A/A","A/A","G/G","G/G","G/G","G/G","G/G","A/A","A/A","A/A","G/G","G/G","A/A","A/G","G/G","G/G","G/G","G/G","G/G","A/A","A/A","A/A","A/A","A/A","A/A","A/A","G/G","G/G","G/G","G/G","G/G","G/G","G/G","A/A","A/A","A/A","A/A","A/A","G/G","G/G","G/G","G/G","G/G"
"5","PZA00111.2",3663,"7","133825965","","","PZA00111","AY110837","AY110837","random",7697,10578,1,1,1,"T/T","C/T","T/T","T/T","C/T","T/T","T/T","?/?","C/T","C/T","C/C","T/T","?/?","T/T","T/T","T/T","T/T","T/T","C/T","T/T","T/T","T/T","T/T","T/T","C/T","C/C","T/T","C/T","T/T","C/T","C/T","C/C","C/T","C/T","C/C","T/T","T/T","?/?","T/T","T/T","C/C","T/T","T/T","T/T","T/T","C/T","T/T","T/T","T/T","C/T","T/T","T/T","T/T","T/T","C/T","C/T","T/T","T/T","T/T","T/T","T/T","T/T","T/T","T/T","T/T","T/T","T/T","T/T","T/T","T/T","T/T","T/T","T/T","C/T","T/T","T/T","C/T","T/T","T/T","C/C","T/T","T/T","T/T","T/T","C/T","C/T","C/T","T/T","T/T","C/C","T/T","T/T","C/T","T/T","T/T","T/T","T/T","T/T","T/T","T/T","C/T","T/T","T/T","C/T","C/T","T/T","T/T","T/T","T/T","T/T","T/T","T/T","T/T","T/T","C/T","T/T","C/C","T/T","T/T","C/C","T/T","T/T","C/C","T/T","?/?","T/T","T/T","T/T","T/T","T/T","T/T","T/T","T/T","T/T","T/T","T/T","T/T","T/T","T/T","T/T","C/C","T/T","T/T","T/T","T/T","T/T","T/T","T/T","T/T","T/T","T/T","T/T","T/T","T/T","T/T","C/T","T/T","T/T","C/T","T/T","T/T","T/T","T/T","T/T","C/T","T/T","T/T","T/T","C/C","C/T","T/T","T/T","T/T","C/C","T/T","T/T","T/T","T/T","C/T","T/T","C/C","T/T","T/T","C/C","C/C","C/C","T/T","?/?","T/T","C/T","T/T","T/T","C/T","T/T","T/T","C/C","C/T","T/T","T/T","C/T","T/T","T/T","T/T","T/T","T/T","C/C","T/T","T/T","T/T","C/T","T/T","T/T","C/T","T/T","T/T","T/T","T/T","T/T","T/T","C/T","C/C","T/T","T/T","T/T","T/T","T/T","C/T","C/T","T/T","C/T","T/T","T/T","C/T","C/C","T/T","T/T","C/T","T/T","C/T","C/T","T/T","C/T","C/C","T/T","C/T","T/T","T/T","T/T","T/T","T/T","C/T","T/T","T/T","T/T","T/T","T/T","T/T","T/T","T/T","C/T","T/T","T/T","C/T","T/T","T/T","C/C","C/C","C/T","T/T","C/T","T/T","C/T","T/T","T/T","T/T","T/T","T/T","T/T","T/T","T/T","T/T","T/T","T/T","T/T","T/T","T/T","T/T","T/T","T/T","T/T","T/T","T/T","C/T","T/T","T/T","T/T","C/T","T/T","C/T","T/T","T/T","C/T","T/T","C/T","T/T","C/T","T/T","T/T","T/T","T/T","C/C","C/T","T/T","C/C","C/T","T/T","T/T","C/C","C/T","T/T","T/T","T/T","T/T","T/T","T/T","T/T","T/T","C/T","T/T","C/C","C/T","C/T","T/T","T/T","C/T","T/T","T/T","T/T","T/T","C/T","C/T","C/T","C/C","C/T","T/T","T/T","C/T","T/T","T/T","T/T","C/T","T/T","T/T","T/T","T/T","C/T","T/T","T/T","T/T","C/C","T/T","T/T","T/T","T/T","C/T","C/T","T/T","C/C","T/T","T/T","T/T","T/T","T/T","C/C","T/T","C/T","C/T","C/T","C/T","T/T","T/T","C/T","C/T","C/T","T/T","C/T","C/T","C/T","T/T","C/C","C/T","C/C","T/T","C/T","T/T","T/T","C/T","C/T","C/T","T/T","C/C","T/T","T/T","C/T","C/C","C/T","T/T","T/T","C/T","T/T","T/T","T/T","C/T","T/T","C/T","C/T","C/T","T/T","C/T","C/T","C/T","C/T","T/T","T/T","T/T","T/T","C/T","C/T","T/T","C/T","C/T","C/T","T/T","T/T","T/T","T/T","C/T","T/T","C/T","T/T","C/T","T/T","T/T","T/T","T/T","C/T","T/T","C/T","C/T","T/T","T/T","C/T","T/T","T/T","C/T","T/T","T/T","C/T","T/T","T/T","C/T","T/T","T/T","T/T","T/T","C/T","T/T","C/C","C/T","C/T","T/T","T/T","C/C","C/T","?/?","T/T","C/C","T/T","C/C","T/T","T/T","C/C","C/T","T/T","T/T","T/T","T/T","T/T","T/T","C/T","T/T","C/T","T/T","T/T","T/T","T/T","C/T","C/T","T/T","C/T","T/T","C/T","C/C","T/T","T/T","T/T","C/T","T/T","T/T","C/T","T/T","C/T","T/T","T/T","T/T","T/T","T/T","T/T","T/T","T/T","T/T","T/T","T/T","T/T","T/T","T/T","T/T","T/T","T/T","T/T","T/T","T/T","T/T","C/T","C/T","T/T","T/T","T/T","T/T","T/T","T/T","T/T","C/T","T/T","T/T","T/T","T/T","T/T","T/T","T/T","T/T","?/?","T/T","T/T","T/T","T/T","T/T","T/T","T/T","T/T","T/T","T/T","T/T","C/C","T/T","T/T","T/T","T/T","T/T","T/T","T/T","T/T","T/T","T/T","T/T","T/T","T/T","T/T","C/C","C/C","T/T","T/T","T/T","T/T","T/T","T/T","T/T","T/T","T/T","T/T","T/T","T/T","T/T","T/T","T/T","T/T","T/T","T/T","T/T","T/T","T/T","T/T","T/T","T/T","T/T","T/T","C/T","T/T","T/T","T/T","T/T","T/T","T/T","T/T","T/T","T/T","T/T","T/T","T/T","T/T","T/T","T/T","T/T","T/T","T/T","T/T","T/T","T/T","T/T","T/T","T/T","C/T","T/T","T/T","T/T","T/T","T/T","T/T","T/T","T/T","?/?","T/T","T/T","T/T","T/T","C/T","T/T","T/T","T/T","T/T","T/T","C/T","T/T","T/T","C/T","T/T","T/T","T/T","C/T","C/T","T/T","T/T","C/T","T/T","T/T","T/T","T/T","T/T","T/T","T/T","T/T","T/T","T/T","T/T","T/T","C/C","T/T","C/T","C/T","C/T","T/T","T/T","T/T","T/T","T/T","T/T","T/T","T/T","T/T","T/T","T/T","C/T","C/T","T/T","T/T","C/T","C/T","T/T","T/T","T/T","T/T","T/T","T/T","T/T","T/T","C/T","T/T","C/T","T/T","T/T","T/T","T/T","T/T","C/T","C/T","T/T","T/T","T/T","T/T","C/T","T/T","C/T","T/T","T/T","T/T","T/T","T/T","C/T","T/T","C/T","C/T","C/T","C/T","C/T","T/T","T/T","T/T","T/T","T/T","C/T","T/T","T/T","T/T","T/T","T/T","T/T","T/T","T/T","C/T","T/T","T/T","T/T","T/T","T/T","T/T","T/T","T/T","T/T","T/T","T/T","T/T","T/T","T/T","T/T","C/C","C/T","T/T","T/T","C/T","T/T","T/T","T/T","T/T","T/T","C/T","T/T","T/T","T/T","T/T","T/T","C/T","T/T","T/T","T/T","T/T","T/T","T/T","T/T","T/T","T/T","T/T","T/T","T/T","T/T","T/T","?/?","T/T","C/C","C/C","T/T","C/T","T/T","C/T","T/T","T/T","T/T","T/T","T/T","C/T","C/T","C/T","T/T","T/T","T/T","T/T","C/T","C/T","C/C","T/T","T/T","T/T","T/T","T/T","T/T","C/T","T/T","T/T","T/T","T/T","T/T","T/T","T/T","T/T","T/T","C/T","C/T","T/T","T/T","T/T","T/T","C/T","T/T","C/T","C/T","T/T","T/T","C/T","T/T","C/T","C/T","T/T","T/T","C/T","?/?","T/T","T/T","C/T","T/T","T/T","T/T","T/T","C/T","T/T","C/T","T/T","T/T","T/T","T/T","C/T","T/T","C/T","T/T","T/T","T/T","T/T","C/T","C/C","C/C","T/T","T/T","C/C","C/C","C/C","C/T","C/T","C/T","C/T","C/T","C/T","C/T","C/T","T/T","T/T","C/T","T/T","C/T","C/T","T/T","T/T","T/T","T/T","T/T","C/T","T/T","T/T","T/T","T/T","T/T","T/T","T/T","T/T","T/T","T/T","T/T","T/T","C/T","T/T","C/T","T/T","T/T","T/T","T/T","T/T","T/T","T/T","T/T","T/T","T/T","?/?","T/T","T/T","?/?","T/T","T/T","T/T","T/T","T/T","T/T","?/?","T/T","T/T","T/T","T/T","T/T","T/T","T/T","T/T","T/T","T/T","T/T","T/T","T/T","T/T","T/T","T/T","T/T","T/T","T/T","C/C","T/T","T/T","?/?","C/C","C/C","C/C","T/T","T/T","T/T","T/T","T/T","C/C","C/C","T/T","T/T","?/?"
"56","PZA03258.2",5228,"7","137628516","","","PZA03258","MAGI_69014","MAGI_69014","candidate",8106,11346,1,0,0,"T/T","C/T","C/C","C/T","C/T","T/T","T/T","T/T","C/T","T/T","T/T","C/C","C/T","C/C","C/T","T/T","T/T","C/T","T/T","C/T","C/T","?/?","C/C","C/T","T/T","T/T","C/T","C/T","C/C","C/C","T/T","T/T","C/T","C/T","T/T","C/T","T/T","C/C","T/T","T/T","T/T","C/C","C/T","C/T","T/T","T/T","T/T","T/T","T/T","T/T","T/T","T/T","T/T","C/T","C/T","T/T","T/T","T/T","T/T","C/C","T/T","C/C","C/T","T/T","T/T","T/T","T/T","C/T","T/T","T/T","C/T","T/T","T/T","T/T","T/T","C/T","C/T","C/C","C/T","T/T","T/T","C/T","C/T","T/T","C/T","T/T","C/T","T/T","C/C","T/T","C/T","T/T","C/C","T/T","C/T","T/T","C/T","T/T","T/T","C/T","C/T","T/T","T/T","T/T","T/T","T/T","C/C","C/T","T/T","T/T","T/T","C/C","C/T","C/T","C/T","T/T","T/T","C/T","T/T","T/T","C/T","T/T","T/T","T/T","T/T","T/T","T/T","C/T","T/T","T/T","T/T","C/T","T/T","T/T","C/T","T/T","T/T","T/T","T/T","T/T","T/T","T/T","T/T","T/T","T/T","C/C","T/T","T/T","?/?","C/C","?/?","C/T","T/T","T/T","T/T","T/T","T/T","C/T","T/T","C/C","T/T","C/T","T/T","T/T","C/T","C/T","?/?","C/T","C/C","C/C","T/T","T/T","T/T","C/C","T/T","T/T","T/T","C/T","C/T","C/T","C/T","T/T","C/T","C/C","C/C","C/T","C/T","T/T","C/T","C/T","T/T","?/?","T/T","T/T","?/?","T/T","T/T","T/T","C/C","T/T","C/T","T/T","T/T","T/T","C/T","T/T","T/T","T/T","T/T","T/T","T/T","T/T","T/T","T/T","T/T","C/T","T/T","C/T","T/T","T/T","T/T","T/T","T/T","T/T","C/T","T/T","C/T","T/T","T/T","T/T","T/T","?/?","T/T","T/T","T/T","T/T","T/T","C/T","T/T","T/T","T/T","T/T","T/T","T/T","T/T","T/T","T/T","T/T","T/T","C/T","T/T","T/T","T/T","?/?","C/T","T/T","T/T","T/T","T/T","T/T","C/C","C/T","T/T","T/T","T/T","T/T","T/T","T/T","T/T","C/T","T/T","C/T","?/?","?/?","T/T","T/T","T/T","T/T","T/T","C/T","T/T","C/T","T/T","T/T","T/T","T/T","T/T","T/T","T/T","T/T","?/?","T/T","T/T","C/T","T/T","T/T","T/T","?/?","T/T","T/T","C/T","T/T","C/T","T/T","C/T","T/T","T/T","T/T","T/T","T/T","T/T","T/T","T/T","T/T","T/T","T/T","T/T","T/T","T/T","T/T","T/T","T/T","T/T","T/T","T/T","T/T","T/T","T/T","T/T","T/T","T/T","T/T","?/?","T/T","T/T","T/T","T/T","T/T","T/T","T/T","T/T","T/T","T/T","T/T","T/T","T/T","T/T","T/T","T/T","T/T","T/T","T/T","T/T","T/T","T/T","T/T","T/T","T/T","C/T","C/T","T/T","T/T","T/T","T/T","T/T","T/T","C/T","T/T","T/T","T/T","T/T","T/T","C/T","T/T","T/T","C/T","C/T","T/T","T/T","T/T","T/T","T/T","T/T","T/T","T/T","T/T","T/T","T/T","T/T","T/T","T/T","T/T","T/T","T/T","T/T","T/T","T/T","T/T","T/T","T/T","T/T","T/T","T/T","?/?","T/T","T/T","C/T","?/?","T/T","T/T","?/?","T/T","C/T","T/T","T/T","C/T","T/T","C/T","C/T","T/T","C/T","C/T","T/T","T/T","T/T","C/T","C/T","T/T","T/T","T/T","T/T","C/T","T/T","T/T","T/T","T/T","T/T","T/T","T/T","T/T","T/T","T/T","T/T","T/T","T/T","T/T","T/T","T/T","T/T","T/T","T/T","T/T","?/?","T/T","T/T","T/T","T/T","T/T","T/T","T/T","T/T","T/T","T/T","T/T","T/T","T/T","?/?","T/T","T/T","C/C","T/T","T/T","T/T","T/T","T/T","T/T","T/T","T/T","T/T","T/T","T/T","T/T","T/T","T/T","T/T","T/T","T/T","T/T","T/T","T/T","T/T","?/?","T/T","T/T","T/T","T/T","T/T","T/T","T/T","T/T","T/T","C/T","T/T","T/T","T/T","T/T","T/T","C/T","T/T","?/?","T/T","T/T","T/T","T/T","T/T","T/T","T/T","T/T","T/T","T/T","T/T","T/T","T/T","T/T","T/T","T/T","T/T","T/T","T/T","T/T","T/T","C/T","T/T","T/T","T/T","T/T","T/T","T/T","C/T","C/T","T/T","T/T","C/T","T/T","T/T","T/T","T/T","T/T","T/T","T/T","T/T","C/T","T/T","T/T","T/T","T/T","T/T","T/T","T/T","T/T","T/T","T/T","T/T","T/T","C/T","T/T","T/T","T/T","T/T","T/T","T/T","T/T","T/T","T/T","T/T","T/T","T/T","T/T","C/C","T/T","T/T","C/T","C/T","T/T","C/C","C/C","C/C","C/T","T/T","T/T","T/T","T/T","C/T","T/T","C/T","T/T","T/T","T/T","T/T","T/T","T/T","T/T","T/T","T/T","T/T","C/T","T/T","C/T","T/T","C/T","T/T","T/T","T/T","C/T","T/T","C/T","T/T","T/T","C/T","?/?","T/T","T/T","T/T","T/T","T/T","T/T","C/T","T/T","C/T","T/T","T/T","T/T","T/T","C/T","C/T","C/T","C/T","C/T","T/T","C/C","C/T","T/T","T/T","T/T","T/T","?/?","C/T","T/T","T/T","T/T","T/T","T/T","C/T","T/T","T/T","C/T","T/T","T/T","C/T","T/T","?/?","T/T","T/T","T/T","T/T","T/T","C/T","T/T","T/T","T/T","T/T","C/C","T/T","T/T","T/T","T/T","T/T","?/?","T/T","T/T","T/T","T/T","T/T","?/?","T/T","T/T","T/T","T/T","T/T","T/T","T/T","T/T","T/T","T/T","T/T","T/T","T/T","T/T","T/T","T/T","T/T","T/T","T/T","T/T","T/T","T/T","T/T","T/T","C/T","C/C","T/T","T/T","T/T","T/T","T/T","T/T","T/T","T/T","T/T","T/T","T/T","T/T","T/T","C/C","T/T","T/T","?/?","T/T","T/T","T/T","T/T","T/T","T/T","T/T","T/T","T/T","T/T","T/T","C/T","T/T","T/T","T/T","C/T","T/T","T/T","T/T","T/T","T/T","T/T","T/T","T/T","T/T","T/T","T/T","T/T","C/T","T/T","T/T","T/T","T/T","T/T","T/T","T/T","T/T","T/T","T/T","T/T","T/T","T/T","C/T","T/T","T/T","T/T","?/?","T/T","T/T","T/T","T/T","T/T","T/T","T/T","C/T","T/T","T/T","C/C","T/T","T/T","T/T","T/T","T/T","T/T","C/T","T/T","T/T","T/T","T/T","T/T","T/T","T/T","T/T","T/T","T/T","T/T","T/T","T/T","T/T","T/T","T/T","C/T","T/T","T/T","T/T","T/T","T/T","T/T","T/T","T/T","T/T","T/T","T/T","T/T","T/T","T/T","T/T","T/T","T/T","T/T","T/T","T/T","T/T","T/T","T/T","T/T","C/C","C/T","T/T","T/T","T/T","T/T","T/T","T/T","T/T","T/T","T/T","T/T","T/T","T/T","T/T","T/T","T/T","T/T","T/T","T/T","T/T","T/T","C/T","T/T","?/?","T/T","T/T","T/T","T/T","T/T","T/T","T/T","T/T","T/T","T/T","T/T","T/T","?/?","T/T","T/T","T/T","T/T","T/T","T/T","T/T","T/T","T/T","T/T","T/T","T/T","T/T","T/T","T/T","T/T","T/T","C/T","T/T","T/T","T/T","T/T","T/T","T/T","T/T","T/T","T/T","T/T","T/T","T/T","C/C","T/T","T/T","T/T","T/T","T/T","T/T","T/T","T/T","T/T","T/T","T/T","T/T","T/T","T/T","T/T","T/T","T/T","T/T","C/T","T/T","T/T","T/T","T/T","T/T","T/T","T/T","T/T","T/T","T/T","T/T","T/T","T/T","C/C","C/C","C/C","T/T","T/T","T/T","T/T","T/T","T/T","T/T","C/C","C/C","T/T","T/T","T/T","C/C","C/C","C/C","C/C","C/C","C/C","T/T","T/T","T/T","T/T","T/T","T/T","T/T","C/C","C/C","C/C","T/T","T/T","T/T","T/T","T/T","C/C","C/C","T/T","T/T","T/T"
"55","PZA03223.3",5223,"7","137629283","","","PZA03223","MAGI_69014","MAGI_69014","candidate",8105,11345,1,1,1,"G/G","A/G","G/G","?/?","?/?","G/G","G/G","A/A","G/G","G/G","A/A","G/G","G/G","G/G","G/G","?/?","A/A","A/G","A/G","A/G","A/G","A/G","G/G","A/G","A/A","A/A","A/G","G/G","G/G","G/G","A/A","A/G","G/G","A/G","A/G","A/G","A/G","G/G","A/G","A/A","G/G","G/G","A/G","G/G","A/A","A/G","A/G","A/A","A/G","A/G","G/G","A/G","A/G","A/G","G/G","G/G","A/G","G/G","A/G","A/G","A/G","G/G","A/G","A/G","A/A","A/A","A/G","G/G","?/?","A/G","A/G","A/G","G/G","A/A","G/G","A/G","A/G","G/G","A/A","G/G","G/G","A/A","G/G","A/G","?/?","A/G","A/G","A/G","?/?","A/G","G/G","A/G","G/G","G/G","A/G","A/G","G/G","A/G","?/?","A/G","A/G","G/G","A/G","A/G","A/A","A/G","?/?","A/A","G/G","A/G","G/G","G/G","G/G","A/G","G/G","A/A","A/A","A/A","A/G","A/A","G/G","?/?","A/A","A/G","A/A","A/G","A/G","?/?","A/A","A/G","A/A","G/G","G/G","A/A","A/A","A/A","?/?","G/G","G/G","?/?","A/A","G/G","A/G","G/G","G/G","?/?","?/?","G/G","A/A","G/G","G/G","G/G","A/A","A/A","G/G","A/A","A/A","?/?","A/G","G/G","A/G","?/?","A/A","G/G","G/G","A/G","G/G","A/G","G/G","G/G","A/A","A/A","A/A","G/G","A/A","G/G","A/A","G/G","G/G","G/G","G/G","?/?","G/G","G/G","G/G","G/G","G/G","G/G","A/A","G/G","G/G","?/?","A/G","A/A","A/G","A/A","A/A","A/A","G/G","A/A","G/G","A/A","A/A","A/G","G/G","A/A","?/?","A/A","A/A","A/G","A/A","A/A","G/G","A/G","A/G","A/G","A/A","A/A","A/A","A/A","G/G","G/G","A/G","G/G","G/G","A/G","A/G","?/?","A/G","A/G","A/A","A/G","A/A","A/G","A/G","A/A","A/A","A/A","A/G","A/G","?/?","A/G","G/G","A/A","A/A","G/G","A/A","G/G","G/G","A/G","A/G","?/?","?/?","G/G","A/A","?/?","A/G","A/G","A/G","A/A","G/G","G/G","A/G","?/?","A/A","A/A","A/A","A/G","A/A","A/G","G/G","A/G","A/G","?/?","A/A","?/?","A/G","A/A","?/?","A/G","A/A","A/A","A/A","G/G","A/A","A/A","G/G","A/A","?/?","A/G","A/G","A/A","A/G","A/G","A/G","G/G","A/A","A/G","A/A","A/A","G/G","G/G","A/G","A/G","A/G","A/A","A/G","A/G","A/G","A/A","A/A","A/G","A/G","G/G","A/G","A/G","A/G","A/A","A/A","A/G","A/A","A/G","A/G","A/G","G/G","A/A","A/G","A/G","A/A","A/G","A/G","A/G","A/A","A/A","?/?","?/?","A/A","A/A","A/A","A/A","?/?","A/A","A/G","A/A","?/?","A/A","A/A","A/A","A/A","A/A","A/G","A/A","?/?","A/A","A/A","A/G","A/G","A/A","A/A","A/A","?/?","?/?","A/A","A/A","A/A","A/A","A/A","A/A","A/A","A/G","A/G","A/G","A/G","A/G","G/G","A/G","A/A","A/A","A/A","A/A","G/G","A/A","A/A","A/A","G/G","A/G","A/G","A/G","A/G","A/A","G/G","A/G","G/G","G/G","A/G","A/G","A/G","A/A","G/G","A/G","A/A","A/A","A/A","A/G","A/G","A/G","A/G","A/A","A/A","G/G","A/G","G/G","A/G","A/G","A/A","A/A","A/G","A/G","A/G","A/G","A/A","G/G","A/G","A/A","A/G","A/G","A/A","A/A","G/G","A/G","A/G","A/G","A/A","G/G","A/A","A/G","A/G","A/G","A/A","A/A","A/G","A/G","A/G","A/A","A/A","A/G","A/A","G/G","G/G","A/G","A/G","A/G","A/A","A/G","A/G","A/A","A/A","A/G","A/G","G/G","?/?","?/?","A/G","G/G","A/G","G/G","?/?","G/G","G/G","A/G","A/G","G/G","G/G","A/G","G/G","A/G","G/G","A/G","G/G","A/G","G/G","A/G","G/G","G/G","G/G","A/A","A/G","A/G","A/A","A/G","G/G","A/A","A/G","A/G","A/A","G/G","A/A","G/G","G/G","G/G","A/G","A/A","G/G","A/A","A/A","A/G","G/G","A/G","G/G","A/G","G/G","A/A","A/G","A/G","A/A","A/A","A/G","A/G","A/G","A/A","A/G","A/A","A/A","A/A","A/G","G/G","A/G","G/G","?/?","G/G","A/G","A/A","G/G","A/G","A/A","G/G","A/A","A/G","A/A","A/A","A/G","A/A","G/G","A/G","A/G","G/G","A/A","A/G","A/G","A/A","A/G","A/A","A/A","A/A","A/A","G/G","A/G","A/G","A/A","A/A","G/G","A/A","G/G","A/A","G/G","A/A","A/G","A/G","A/A","?/?","G/G","A/G","A/G","G/G","G/G","G/G","A/G","G/G","G/G","G/G","A/A","G/G","A/A","G/G","G/G","A/A","G/G","A/G","A/A","A/A","A/A","G/G","A/G","A/A","A/G","?/?","A/G","A/G","A/G","A/A","A/G","A/A","A/A","G/G","A/A","A/G","G/G","A/G","G/G","G/G","G/G","A/G","A/G","A/G","A/G","A/G","A/A","G/G","G/G","A/A","A/G","G/G","A/G","G/G","A/A","A/G","?/?","A/A","A/G","G/G","A/A","G/G","A/G","G/G","A/A","A/G","A/G","G/G","A/G","G/G","A/A","A/A","G/G","G/G","G/G","?/?","A/A","A/A","G/G","G/G","A/G","A/G","A/G","A/G","?/?","A/A","A/G","A/G","A/A","A/A","A/A","?/?","A/G","A/A","G/G","A/A","G/G","A/A","A/G","A/A","A/A","G/G","A/A","A/G","G/G","A/G","A/A","G/G","A/G","G/G","A/A","A/G","A/G","A/A","A/G","A/A","G/G","A/G","A/A","A/G","A/A","G/G","A/A","A/A","A/A","A/A","A/G","A/G","A/A","?/?","A/A","A/G","A/G","G/G","A/A","A/A","A/A","A/A","A/A","G/G","A/A","A/A","A/A","A/A","A/A","A/G","A/A","A/A","A/A","A/G","A/G","A/A","A/A","G/G","A/A","A/A","A/G","A/A","A/A","A/A","A/A","A/A","A/G","G/G","A/A","A/A","A/G","A/G","A/A","A/A","G/G","A/G","A/G","A/A","G/G","A/A","A/G","A/G","G/G","A/G","A/G","A/G","A/A","A/A","A/G","A/A","A/A","G/G","G/G","G/G","A/A","A/A","?/?","A/G","A/A","A/G","A/G","A/G","A/A","G/G","A/G","G/G","A/A","G/G","A/G","A/A","G/G","G/G","G/G","A/G","A/G","G/G","G/G","A/G","G/G","?/?","G/G","A/A","G/G","G/G","A/A","A/A","G/G","A/A","G/G","A/A","G/G","A/G","A/G","A/A","A/G","A/G","G/G","?/?","A/A","G/G","A/G","A/A","G/G","G/G","A/G","A/G","A/A","A/G","A/G","A/G","A/G","G/G","A/A","A/A","A/G","G/G","A/G","G/G","A/G","A/G","A/A","A/G","A/A","A/A","G/G","?/?","G/G","A/G","A/A","A/G","G/G","A/A","G/G","G/G","A/G","A/G","A/A","G/G","A/G","G/G","A/A","A/A","A/G","A/G","G/G","G/G","G/G","G/G","A/A","A/G","G/G","G/G","G/G","A/G","A/G","G/G","G/G","G/G","A/G","G/G","A/A","A/G","G/G","G/G","?/?","G/G","G/G","A/A","A/A","A/A","G/G","G/G","A/A","A/A","G/G","A/A","A/A","G/G","A/A","A/A","A/A","A/A","G/G","A/A","A/A","G/G","A/A","A/G","G/G","A/A","A/G","A/A","A/G","A/G","A/A","G/G","G/G","A/A","A/A","A/A","A/A","A/A","A/A","G/G","A/A","G/G","?/?","A/A","G/G","?/?","A/A","A/A","?/?","A/A","A/A","A/A","G/G","A/A","A/A","A/A","G/G","A/A","A/A","A/A","A/A","A/A","A/A","?/?","G/G","G/G","G/G","A/A","?/?","A/A","A/A","?/?","?/?","A/A","G/G","G/G","G/G","G/G","G/G","G/G","G/G","G/G","G/G","G/G","G/G","G/G","G/G","G/G","A/A","?/?","A/A","?/?","G/G","G/G","G/G","A/A","A/A","?/?","G/G","G/G","G/G","G/G","?/?","?/?","?/?"
"31","PZA00392.3",11194,"7","139404579","","","PZA00392","AY107970","AY107970","random",9927,10810,1,1,1,"A/G","?/?","G/G","A/A","A/G","A/A","A/G","A/G","G/G","A/G","A/A","A/A","A/A","A/A","A/G","G/G","G/G","G/G","G/G","G/G","G/G","A/G","G/G","G/G","G/G","G/G","G/G","G/G","G/G","A/G","G/G","G/G","G/G","G/G","A/G","G/G","A/A","G/G","A/G","G/G","A/A","A/A","A/G","A/G","G/G","G/G","A/G","A/G","A/G","G/G","A/A","G/G","A/G","A/G","A/G","G/G","G/G","A/A","G/G","A/G","G/G","A/A","A/G","G/G","G/G","A/G","A/A","G/G","A/A","G/G","A/A","A/A","A/G","A/G","A/A","A/G","G/G","A/A","A/G","A/G","A/A","A/A","A/G","A/G","A/G","A/G","G/G","A/A","A/G","A/A","A/G","A/A","A/G","A/G","A/A","A/G","A/G","A/G","A/G","A/G","A/A","A/A","A/G","G/G","A/G","A/G","A/A","A/G","G/G","A/A","A/G","A/A","A/A","A/A","A/A","A/G","G/G","A/G","G/G","G/G","A/G","G/G","G/G","G/G","A/G","G/G","A/G","G/G","G/G","A/G","A/G","A/G","A/A","G/G","G/G","A/G","G/G","A/G","A/G","A/A","G/G","G/G","G/G","G/G","G/G","A/G","G/G","G/G","A/G","G/G","G/G","G/G","G/G","A/G","G/G","A/A","A/A","G/G","A/G","G/G","A/G","G/G","A/G","G/G","A/G","A/G","A/G","A/G","A/A","A/G","A/G","A/A","A/A","A/A","A/A","A/A","A/A","G/G","A/A","A/A","A/A","A/G","A/G","A/A","A/A","A/A","A/A","A/G","A/G","A/A","G/G","A/G","G/G","A/A","A/A","?/?","A/G","G/G","A/A","A/A","G/G","A/A","A/G","A/G","A/A","A/G","A/A","A/A","G/G","A/G","A/A","A/G","A/G","A/A","A/G","A/G","A/A","A/A","A/G","G/G","G/G","A/G","G/G","G/G","A/G","G/G","A/G","A/G","A/A","A/A","G/G","A/A","A/A","A/G","A/G","G/G","?/?","G/G","G/G","?/?","A/G","A/G","G/G","A/A","A/A","A/A","G/G","A/A","A/G","G/G","G/G","?/?","A/G","A/A","G/G","A/A","G/G","A/A","G/G","A/G","A/A","A/G","A/G","A/G","A/A","G/G","G/G","A/G","A/G","A/G","G/G","A/A","G/G","A/G","G/G","G/G","A/G","A/A","A/G","A/G","A/A","A/G","A/G","A/A","A/G","A/A","A/G","A/A","A/G","A/A","A/G","A/A","A/A","A/G","A/A","A/G","A/G","A/A","A/G","A/G","G/G","A/A","G/G","A/A","A/A","A/G","A/A","A/G","A/G","G/G","G/G","G/G","G/G","A/G","G/G","G/G","A/G","G/G","A/G","A/G","A/G","A/G","A/G","G/G","G/G","G/G","G/G","G/G","G/G","A/G","A/G","G/G","A/A","A/A","A/G","G/G","A/G","G/G","A/G","G/G","A/G","A/G","A/G","A/G","A/G","A/A","A/A","A/G","A/G","A/G","A/G","A/G","G/G","G/G","A/G","A/G","G/G","G/G","A/G","A/G","A/G","?/?","A/G","A/A","A/G","G/G","A/G","A/G","A/A","G/G","G/G","A/G","G/G","A/G","G/G","A/A","G/G","A/G","A/A","A/A","A/A","G/G","G/G","A/G","G/G","A/G","G/G","A/G","A/G","A/G","A/G","A/G","G/G","A/G","A/A","G/G","A/A","A/G","A/G","G/G","A/G","G/G","A/G","G/G","A/G","A/G","G/G","G/G","G/G","A/G","A/G","A/G","G/G","A/A","A/G","A/G","G/G","A/A","A/A","G/G","A/G","G/G","G/G","G/G","A/G","A/G","A/G","A/G","G/G","A/G","A/G","A/G","G/G","G/G","A/G","G/G","G/G","G/G","G/G","A/G","A/G","G/G","A/G","G/G","G/G","A/G","A/G","A/G","A/A","A/G","G/G","A/G","A/G","A/G","G/G","A/G","A/G","A/G","G/G","G/G","A/A","A/A","G/G","A/G","A/G","A/A","?/?","A/A","G/G","A/G","A/G","A/A","A/A","A/G","A/A","A/G","A/A","A/A","A/A","A/G","G/G","A/A","A/A","A/G","A/G","A/G","G/G","G/G","?/?","A/G","A/G","G/G","A/A","G/G","A/G","A/A","A/G","A/A","G/G","G/G","G/G","G/G","A/G","A/G","A/A","G/G","A/G","A/G","A/G","A/G","A/G","A/G","A/G","A/G","A/G","G/G","G/G","G/G","G/G","A/G","G/G","A/G","A/A","G/G","A/G","G/G","A/G","G/G","A/A","G/G","A/A","A/G","A/A","A/G","A/G","A/A","G/G","A/G","A/G","G/G","A/A","A/G","A/G","A/G","A/G","A/A","A/G","A/A","A/G","A/A","A/A","G/G","A/G","A/G","A/G","G/G","A/G","A/G","A/A","G/G","G/G","G/G","G/G","G/G","A/G","G/G","G/G","G/G","G/G","G/G","G/G","G/G","G/G","G/G","G/G","G/G","A/A","A/G","A/A","G/G","A/A","A/A","A/G","A/A","A/G","A/A","G/G","G/G","A/G","A/A","G/G","G/G","A/G","A/G","A/G","G/G","A/G","G/G","G/G","G/G","A/G","A/G","A/G","A/G","A/A","A/A","A/A","A/A","G/G","G/G","A/A","A/G","A/G","A/G","G/G","G/G","A/G","G/G","A/A","A/A","A/G","A/G","A/A","A/G","A/G","A/A","?/?","A/A","G/G","A/G","A/A","A/G","A/A","A/A","A/G","A/G","A/G","A/G","A/A","A/G","G/G","A/G","A/G","A/G","G/G","?/?","A/G","G/G","A/G","A/A","A/G","G/G","A/G","A/G","A/A","A/A","A/G","A/G","A/A","A/G","A/A","A/G","A/G","A/A","G/G","A/G","A/G","A/G","G/G","A/G","A/G","A/G","G/G","A/G","A/A","A/G","G/G","A/G","A/G","A/G","A/A","G/G","A/A","A/G","G/G","A/G","A/G","G/G","G/G","A/A","A/G","A/G","G/G","G/G","G/G","A/G","A/G","A/G","A/A","?/?","G/G","A/G","A/G","A/G","G/G","G/G","A/A","A/G","A/G","A/G","G/G","G/G","G/G","G/G","G/G","G/G","G/G","G/G","A/G","G/G","G/G","A/G","G/G","G/G","A/G","A/A","G/G","A/G","G/G","G/G","A/A","A/A","A/G","A/G","A/A","G/G","A/A","G/G","G/G","A/G","A/G","G/G","G/G","A/G","A/G","A/A","G/G","A/A","A/G","A/G","G/G","A/A","A/A","A/G","A/G","A/G","A/A","A/G","G/G","A/G","A/G","A/A","A/G","A/G","G/G","G/G","A/G","A/G","A/G","G/G","A/G","A/G","G/G","G/G","G/G","G/G","A/G","G/G","A/A","G/G","A/A","A/G","G/G","A/G","G/G","A/G","A/G","G/G","A/G","A/G","G/G","A/G","A/G","G/G","A/A","G/G","A/A","A/A","A/A","A/G","G/G","G/G","G/G","G/G","G/G","A/G","A/G","G/G","A/G","G/G","A/G","A/G","G/G","G/G","G/G","A/G","G/G","G/G","G/G","A/G","G/G","G/G","G/G","G/G","A/G","A/G","A/G","A/A","G/G","G/G","A/G","G/G","A/G","A/G","A/G","G/G","G/G","A/G","A/G","G/G","A/G","G/G","A/G","A/G","A/G","A/G","G/G","A/G","G/G","A/G","A/G","A/A","A/G","G/G","G/G","A/A","A/A","?/?","A/G","A/G","A/G","G/G","A/A","A/G","A/G","G/G","A/G","A/A","A/G","G/G","G/G","A/A","G/G","A/G","A/A","A/G","A/A","A/A","A/G","A/A","A/A","A/G","A/G","G/G","G/G","A/G","A/G","A/G","A/G","A/A","G/G","G/G","A/G","A/A","A/G","A/A","A/A","A/G","A/A","A/G","G/G","G/G","A/A","A/A","A/A","A/A","A/A","A/G","G/G","A/G","?/?","A/G","G/G","G/G","G/G","G/G","G/G","G/G","G/G","G/G","G/G","G/G","G/G","G/G","G/G","G/G","A/G","A/G","A/G","A/G","G/G","A/G","G/G","G/G","A/A","A/A","A/A","A/A","A/A","G/G","G/G","G/G","G/G","G/G","A/A","A/A","A/A","A/A","A/A","A/A","A/A","G/G","G/G","G/G","G/G","G/G","G/G","G/G","G/G","A/A","A/A","A/A","A/A","A/A","A/A","G/G","G/G","G/G","A/A","A/A","G/G","G/G","G/G","G/G","G/G"
"32","PZA00392.4",11195,"7","139404709","","","PZA00392","AY107970","AY107970","random",9928,10811,0,0,0,"T/T","T/T","T/T","?/?","T/T","C/T","T/T","T/T","T/T","T/T","C/T","T/T","T/T","C/T","C/T","C/C","T/T","T/T","T/T","T/T","T/T","T/T","T/T","T/T","T/T","T/T","T/T","T/T","T/T","T/T","T/T","T/T","T/T","T/T","C/T","T/T","T/T","T/T","C/T","T/T","C/T","T/T","C/C","T/T","T/T","T/T","T/T","?/?","T/T","T/T","C/T","T/T","C/T","T/T","T/T","T/T","T/T","T/T","T/T","T/T","T/T","C/T","T/T","T/T","T/T","T/T","T/T","T/T","C/T","T/T","T/T","?/?","C/T","T/T","C/T","T/T","T/T","?/?","T/T","T/T","T/T","C/T","T/T","T/T","T/T","T/T","T/T","C/C","?/?","T/T","C/T","C/C","C/T","C/T","?/?","T/T","C/T","T/T","C/T","T/T","C/T","C/C","T/T","T/T","C/T","C/T","?/?","?/?","T/T","C/T","C/T","C/C","C/C","C/T","C/C","T/T","T/T","C/T","T/T","T/T","T/T","T/T","T/T","?/?","C/T","T/T","T/T","T/T","?/?","?/?","T/T","T/T","T/T","T/T","T/T","T/T","T/T","T/T","T/T","T/T","T/T","T/T","T/T","T/T","T/T","C/C","?/?","T/T","C/T","T/T","T/T","T/T","T/T","C/T","T/T","C/T","T/T","T/T","?/?","T/T","C/T","T/T","T/T","C/T","?/?","T/T","T/T","T/T","T/T","?/?","T/T","T/T","T/T","C/C","T/T","T/T","T/T","T/T","T/T","?/?","T/T","T/T","T/T","T/T","T/T","T/T","?/?","T/T","C/T","C/T","C/C","T/T","T/T","T/T","T/T","T/T","T/T","T/T","T/T","T/T","?/?","T/T","T/T","T/T","T/T","T/T","T/T","C/T","T/T","T/T","T/T","T/T","C/C","?/?","T/T","T/T","C/C","C/T","T/T","T/T","T/T","T/T","T/T","T/T","C/T","T/T","T/T","T/T","C/T","C/C","T/T","C/T","T/T","T/T","?/?","T/T","T/T","T/T","T/T","T/T","C/T","C/T","T/T","C/T","C/T","C/C","T/T","C/T","T/T","T/T","T/T","?/?","T/T","C/C","T/T","?/?","T/T","C/C","T/T","T/T","T/T","C/T","C/T","T/T","T/T","T/T","T/T","T/T","T/T","T/T","T/T","C/T","T/T","?/?","T/T","T/T","C/T","T/T","C/T","?/?","C/T","C/C","T/T","T/T","T/T","C/T","T/T","C/T","?/?","C/C","T/T","T/T","T/T","T/T","T/T","T/T","T/T","T/T","T/T","T/T","T/T","T/T","T/T","T/T","T/T","T/T","T/T","T/T","T/T","T/T","T/T","T/T","T/T","T/T","?/?","T/T","T/T","T/T","C/C","C/T","T/T","T/T","T/T","T/T","T/T","T/T","T/T","T/T","T/T","T/T","C/T","T/T","T/T","T/T","T/T","T/T","T/T","T/T","?/?","T/T","T/T","T/T","T/T","T/T","T/T","T/T","T/T","T/T","T/T","T/T","T/T","T/T","T/T","T/T","T/T","T/T","T/T","T/T","T/T","T/T","T/T","?/?","C/T","C/T","T/T","T/T","T/T","T/T","C/T","T/T","T/T","T/T","T/T","T/T","T/T","T/T","T/T","C/T","T/T","C/T","T/T","T/T","T/T","C/C","T/T","T/T","T/T","T/T","T/T","T/T","T/T","T/T","T/T","C/T","C/T","T/T","T/T","T/T","T/T","T/T","C/T","T/T","T/T","T/T","T/T","T/T","T/T","T/T","T/T","T/T","T/T","T/T","T/T","T/T","T/T","T/T","T/T","T/T","T/T","T/T","T/T","T/T","T/T","T/T","T/T","T/T","T/T","T/T","T/T","T/T","T/T","T/T","T/T","T/T","T/T","T/T","T/T","T/T","T/T","T/T","T/T","T/T","?/?","T/T","T/T","T/T","T/T","T/T","T/T","T/T","T/T","T/T","T/T","T/T","T/T","T/T","T/T","T/T","T/T","T/T","T/T","T/T","T/T","T/T","T/T","T/T","?/?","T/T","T/T","C/T","T/T","T/T","T/T","T/T","T/T","T/T","T/T","C/T","?/?","T/T","T/T","T/T","T/T","T/T","T/T","T/T","T/T","T/T","T/T","T/T","T/T","T/T","T/T","T/T","T/T","T/T","T/T","T/T","T/T","?/?","T/T","T/T","T/T","T/T","T/T","T/T","T/T","T/T","T/T","T/T","T/T","T/T","T/T","T/T","T/T","T/T","T/T","T/T","T/T","T/T","T/T","T/T","C/T","T/T","T/T","?/?","T/T","T/T","C/C","T/T","?/?","C/T","T/T","T/T","T/T","T/T","?/?","T/T","T/T","T/T","T/T","T/T","C/T","C/T","T/T","C/C","T/T","T/T","T/T","T/T","T/T","T/T","C/T","C/T","?/?","T/T","C/T","C/T","C/C","T/T","T/T","T/T","T/T","T/T","T/T","T/T","T/T","T/T","T/T","T/T","T/T","T/T","T/T","T/T","T/T","T/T","C/C","C/T","T/T","T/T","T/T","C/C","T/T","?/?","C/T","T/T","T/T","T/T","?/?","C/C","?/?","T/T","?/?","T/T","T/T","?/?","T/T","T/T","T/T","T/T","C/T","C/T","T/T","T/T","T/T","C/T","T/T","T/T","T/T","T/T","T/T","C/T","T/T","?/?","T/T","T/T","T/T","T/T","C/T","T/T","C/C","C/T","T/T","T/T","T/T","T/T","?/?","T/T","T/T","?/?","C/T","T/T","C/T","C/C","T/T","T/T","T/T","C/T","T/T","T/T","T/T","T/T","T/T","T/T","T/T","?/?","T/T","T/T","T/T","T/T","T/T","?/?","T/T","T/T","C/T","T/T","T/T","T/T","T/T","T/T","T/T","T/T","T/T","T/T","?/?","T/T","T/T","T/T","T/T","T/T","T/T","T/T","T/T","C/T","T/T","T/T","T/T","T/T","T/T","T/T","T/T","T/T","T/T","T/T","T/T","?/?","C/T","C/T","T/T","T/T","T/T","T/T","T/T","T/T","T/T","T/T","T/T","T/T","C/T","T/T","T/T","T/T","T/T","T/T","T/T","T/T","T/T","T/T","T/T","T/T","T/T","T/T","T/T","T/T","T/T","T/T","T/T","T/T","T/T","T/T","T/T","T/T","T/T","T/T","T/T","T/T","T/T","T/T","T/T","T/T","T/T","T/T","T/T","T/T","T/T","T/T","T/T","T/T","T/T","T/T","T/T","T/T","T/T","T/T","T/T","T/T","T/T","C/C","T/T","T/T","T/T","T/T","T/T","T/T","T/T","T/T","T/T","T/T","T/T","C/T","T/T","T/T","T/T","T/T","T/T","T/T","T/T","T/T","T/T","?/?","?/?","T/T","T/T","T/T","T/T","T/T","T/T","T/T","T/T","?/?","T/T","T/T","T/T","T/T","T/T","T/T","C/T","T/T","T/T","?/?","T/T","T/T","T/T","T/T","T/T","T/T","T/T","T/T","T/T","T/T","T/T","T/T","T/T","T/T","?/?","T/T","T/T","T/T","T/T","T/T","T/T","C/T","T/T","T/T","T/T","T/T","T/T","T/T","T/T","T/T","T/T","T/T","T/T","T/T","C/T","T/T","T/T","T/T","T/T","T/T","T/T","T/T","T/T","T/T","T/T","T/T","T/T","T/T","T/T","T/T","C/T","T/T","?/?","T/T","T/T","T/T","T/T","T/T","T/T","T/T","T/T","T/T","T/T","T/T","C/T","T/T","T/T","?/?","T/T","T/T","T/T","T/T","T/T","T/T","T/T","T/T","T/T","T/T","T/T","T/T","T/T","T/T","T/T","T/T","T/T","T/T","C/C","C/C","T/T","T/T","C/C","T/T","T/T","?/?","T/T","T/T","T/T","?/?","C/T","T/T","T/T","?/?","T/T","?/?","T/T","C/T","T/T","T/T","T/T","?/?","?/?","T/T","C/T","T/T","C/T","T/T","T/T","T/T","?/?","T/T","T/T","?/?","T/T","T/T","T/T","T/T","T/T","T/T","T/T","?/?","T/T","T/T","T/T","T/T","T/T","T/T","T/T","T/T","T/T","T/T","T/T","T/T","T/T","T/T","T/T","T/T","T/T","T/T","T/T","T/T","T/T","T/T","T/T","T/T","C/C","C/C","C/C","C/C","C/C","T/T","T/T","T/T","T/T","T/T","T/T","T/T","T/T","T/T","T/T","C/C","C/C","C/C","T/T","T/T","T/T","T/T","T/T","T/T","C/C","C/C","?/?","?/?","T/T","T/T","T/T"
"26","PZA00346.3",11150,"7","140152256","","","PZA00346","AY108275","AY108275","random",9916,10770,0,0,0,"C/T","C/T","C/C","C/C","C/T","C/T","C/C","C/C","C/C","C/T","C/T","T/T","C/C","C/C","C/C","T/T","C/C","C/C","C/C","C/C","C/C","C/T","?/?","C/C","C/C","T/T","C/C","C/C","C/C","C/C","C/C","C/T","C/C","C/C","C/T","T/T","C/C","C/C","C/T","C/T","C/T","C/C","C/T","T/T","T/T","C/C","T/T","?/?","C/C","C/C","C/T","C/C","C/C","C/T","C/T","C/T","C/T","C/C","C/C","C/T","C/T","C/T","C/T","C/T","?/?","C/T","C/C","C/T","C/T","C/C","C/T","?/?","C/T","C/C","C/C","C/C","C/T","?/?","C/C","C/T","C/C","C/T","C/T","C/C","C/C","C/T","C/T","C/T","C/C","C/C","C/T","C/T","C/C","C/C","C/C","C/C","?/?","C/C","C/C","C/C","C/T","T/T","C/T","C/T","T/T","C/T","C/C","C/C","C/C","C/T","C/C","T/T","T/T","C/T","C/C","C/C","C/C","C/T","C/C","C/C","C/C","T/T","C/C","?/?","C/T","C/C","C/C","C/T","?/?","?/?","C/T","C/C","C/T","C/C","C/C","C/C","T/T","C/C","C/C","C/C","C/C","C/C","C/C","C/C","C/T","T/T","?/?","C/C","C/T","C/T","T/T","C/C","C/C","C/T","C/C","C/T","C/C","C/T","C/T","C/C","C/T","C/T","C/C","C/T","C/C","C/T","C/C","C/C","C/C","C/T","C/C","C/T","C/C","C/C","C/C","C/C","C/C","C/C","C/C","C/C","C/T","C/C","C/C","C/C","C/C","C/C","C/T","C/T","C/T","C/T","C/C","C/C","C/C","T/T","C/C","C/T","C/C","C/C","C/C","C/C","?/?","C/C","C/T","C/C","C/C","C/T","C/C","T/T","C/C","C/T","C/C","C/T","T/T","?/?","C/C","C/T","C/T","T/T","C/T","C/C","C/C","C/C","C/C","C/C","C/C","C/C","C/C","C/C","C/C","C/C","C/C","C/C","C/C","C/C","C/C","C/C","C/C","C/C","C/C","C/C","C/C","C/C","C/C","C/C","C/C","?/?","C/C","C/T","C/C","C/C","C/C","C/T","?/?","T/T","C/C","?/?","C/C","T/T","C/C","C/C","C/C","C/C","C/C","C/C","C/C","C/C","C/C","C/C","C/C","C/C","C/C","C/T","C/C","C/T","C/C","C/C","C/T","C/C","C/C","?/?","C/C","C/T","C/C","C/C","C/C","C/C","C/C","C/C","C/C","C/C","C/C","C/C","C/C","C/C","C/C","?/?","C/C","C/C","C/T","C/C","C/C","C/C","C/C","C/C","C/C","C/C","C/C","C/C","C/C","C/C","C/T","?/?","C/C","C/T","C/C","C/C","C/C","C/C","C/C","C/C","C/C","C/C","C/T","C/T","C/C","C/C","C/C","C/C","C/C","C/T","C/T","C/C","C/C","C/C","C/C","C/C","C/C","C/C","C/C","C/T","C/T","C/C","C/C","C/C","C/T","C/C","C/C","C/T","C/C","C/C","C/T","C/C","C/C","C/C","C/C","C/T","C/T","C/C","C/C","C/C","C/T","C/T","C/C","C/C","C/C","C/C","C/C","C/T","C/T","C/T","C/C","C/C","C/T","C/C","T/T","C/C","C/C","C/C","C/C","C/C","C/C","C/C","C/T","C/C","C/C","C/C","C/C","C/T","C/T","C/C","C/T","C/T","C/C","C/C","C/T","C/C","C/T","C/T","C/C","C/C","C/T","C/T","C/T","C/T","C/T","C/C","C/C","C/C","?/?","C/C","C/C","C/C","C/T","C/C","C/C","C/C","C/C","?/?","C/T","C/C","C/T","C/C","C/C","C/C","C/C","C/C","C/C","C/T","C/C","C/T","C/C","C/T","C/C","C/T","C/C","C/C","C/C","C/C","C/C","C/T","C/C","C/C","?/?","C/C","C/C","C/C","C/C","C/C","C/T","C/C","C/C","C/C","C/C","C/C","C/C","C/C","C/C","C/C","C/C","C/T","C/C","C/T","C/C","C/C","?/?","C/C","C/C","C/C","C/C","C/C","C/C","C/T","C/C","C/C","T/T","C/C","C/C","C/C","?/?","C/C","C/C","C/C","C/C","C/C","C/C","C/T","?/?","C/C","C/T","C/T","C/T","C/C","?/?","C/T","C/C","T/T","T/T","T/T","C/T","C/C","C/T","C/C","C/T","C/T","C/C","C/C","C/T","C/C","?/?","C/T","C/C","C/C","C/C","C/C","C/T","T/T","C/C","C/T","C/T","C/C","C/T","C/T","C/T","C/C","C/C","C/C","C/C","C/C","C/T","C/C","C/T","C/T","T/T","C/C","C/C","C/C","C/C","C/C","?/?","C/C","C/C","C/C","C/C","C/T","C/C","C/C","C/C","C/T","C/C","C/C","C/C","C/C","C/C","C/C","C/C","C/C","C/C","C/C","C/C","C/C","C/C","C/C","C/C","C/C","C/T","C/C","C/C","C/C","C/C","C/C","C/C","C/C","C/C","C/C","C/C","C/C","C/C","C/C","C/C","C/C","C/C","C/C","C/C","C/C","C/C","C/T","C/T","C/C","?/?","C/C","C/C","C/C","C/C","C/C","C/T","C/C","C/C","C/T","C/C","C/C","C/C","C/C","C/C","C/C","C/C","C/T","C/C","C/C","C/C","C/C","C/C","C/C","C/T","?/?","C/C","C/C","?/?","C/C","C/T","C/C","C/C","C/C","C/C","C/C","C/C","C/C","?/?","C/C","C/C","C/C","C/C","C/C","C/C","C/C","C/C","C/T","C/C","C/C","C/C","C/C","C/C","C/C","C/C","C/C","C/C","C/T","C/T","C/C","C/T","C/C","C/C","C/C","T/T","C/C","C/C","C/C","C/C","C/C","C/C","C/C","C/C","C/T","C/T","C/C","C/C","C/C","C/C","C/C","C/C","C/T","C/C","C/T","C/C","C/C","C/C","C/C","C/C","C/T","C/C","C/C","C/C","C/C","C/T","C/C","C/T","?/?","C/C","C/C","C/C","T/T","C/C","C/T","C/C","C/C","T/T","C/C","C/C","C/C","C/T","C/C","C/C","C/T","C/T","C/T","C/C","C/C","C/C","C/C","C/C","C/C","C/C","C/C","C/C","C/C","C/T","C/C","C/T","C/C","C/C","C/C","?/?","C/C","C/C","C/C","C/T","C/C","C/C","C/C","C/C","C/C","C/C","C/C","C/T","C/T","C/T","C/T","C/C","C/C","C/C","C/C","C/C","?/?","C/C","C/C","C/C","C/C","C/T","C/T","C/T","C/C","C/C","C/C","C/C","C/T","C/T","C/C","T/T","C/C","C/C","C/T","C/C","C/C","C/T","C/C","C/C","C/C","C/C","C/C","C/T","?/?","C/C","C/C","C/C","C/T","C/C","C/C","C/C","C/C","C/C","?/?","C/C","C/T","C/C","C/C","T/T","C/C","C/C","C/C","C/T","C/C","C/C","C/C","C/C","C/T","C/C","C/C","C/C","C/C","C/C","C/C","C/C","C/C","C/C","C/C","?/?","C/C","C/T","C/C","C/T","C/T","C/C","C/T","C/C","C/C","C/C","C/C","C/C","C/C","C/C","C/C","C/C","C/T","C/T","?/?","C/T","C/C","C/C","C/C","C/C","C/C","C/T","C/C","T/T","C/C","C/T","C/C","C/T","C/C","C/C","C/C","C/C","C/T","?/?","C/C","C/C","T/T","C/C","C/C","C/C","C/C","C/C","C/T","C/C","C/C","?/?","C/C","C/T","C/C","C/T","C/C","C/T","C/C","C/C","C/C","C/C","C/C","C/T","C/C","C/T","C/T","C/C","C/T","C/C","C/C","?/?","C/T","C/C","C/C","C/T","C/T","C/C","C/T","C/C","C/C","C/T","C/T","C/T","?/?","C/C","C/T","C/C","C/C","C/T","C/T","C/C","T/T","C/T","C/C","C/T","C/C","T/T","?/?","C/C","C/T","C/T","C/T","C/C","C/C","C/C","C/C","C/C","C/C","C/C","C/C","C/C","C/C","C/C","C/C","C/C","?/?","C/C","C/T","C/C","C/C","C/C","C/C","C/C","C/C","C/C","C/C","C/C","?/?","C/C","C/C","C/C","C/C","C/C","C/C","C/C","C/C","C/C","C/C","C/C","C/C","T/T","?/?","T/T","T/T","T/T","C/C","C/C","C/C","C/C","C/C","C/C","T/T","T/T","T/T","T/T","C/C","C/C","C/C","T/T","T/T","T/T","C/C","C/C","C/C","C/C","C/C","T/T","T/T","C/C","C/C","C/C"
"25","PZA00346.2",11149,"7","140152258","","","PZA00346","AY108275","AY108275","random",9915,10769,0,0,0,"?/?","A/A","A/A","A/A","A/A","A/A","A/A","A/A","A/A","A/A","A/A","A/A","A/A","A/A","A/A","A/A","A/A","A/A","?/?","A/A","A/A","A/A","A/A","?/?","A/A","A/A","A/A","A/A","A/A","A/A","A/A","A/A","A/A","A/A","A/A","A/A","A/A","A/A","A/A","A/A","A/A","A/A","?/?","A/A","A/A","A/A","A/A","A/A","A/A","A/A","A/A","A/A","A/A","A/A","A/A","A/A","A/A","A/A","A/A","A/A","A/A","A/A","A/A","A/A","A/A","A/A","A/A","A/A","A/A","A/A","A/A","A/A","A/A","A/G","A/A","A/A","A/A","A/A","?/?","A/A","A/A","A/A","A/A","A/A","A/A","A/A","A/A","A/A","A/A","A/G","A/A","A/A","A/A","A/A","A/A","?/?","A/A","A/A","A/A","A/A","A/A","A/A","A/A","A/A","A/A","A/A","A/A","A/A","A/A","A/A","A/A","A/A","A/A","A/A","A/A","A/A","A/A","A/A","A/A","?/?","?/?","A/A","A/A","A/A","A/A","A/A","A/A","A/A","A/A","A/A","A/A","A/A","A/A","A/A","A/A","A/A","A/A","A/A","A/A","A/A","A/A","A/A","A/A","A/A","A/A","A/A","A/A","A/A","A/A","A/A","A/A","A/A","A/A","A/A","A/A","A/A","A/A","A/A","A/A","A/A","A/A","A/A","A/A","A/G","A/A","A/A","A/A","A/G","A/A","A/A","A/G","A/A","G/G","A/A","A/A","A/A","G/G","A/A","A/A","A/A","A/A","A/A","A/G","A/A","A/A","A/A","A/G","A/G","A/G","A/A","A/A","A/A","A/A","A/A","A/A","A/G","A/A","A/A","A/A","A/G","A/A","?/?","A/A","A/A","A/A","A/A","A/A","A/A","A/G","A/A","A/A","A/G","A/A","A/A","A/G","A/A","A/G","A/A","A/A","A/A","A/A","A/G","A/A","A/A","A/A","A/A","A/A","A/A","A/A","A/A","A/A","?/?","A/A","A/A","A/A","A/A","A/A","A/A","A/A","A/A","A/A","A/A","A/A","A/A","A/A","A/A","A/A","A/A","A/A","A/G","A/A","?/?","A/A","A/A","A/A","A/A","A/A","A/A","A/A","A/A","A/A","A/A","A/A","A/A","A/A","A/A","A/A","A/A","A/A","A/A","A/G","A/A","A/G","A/A","A/A","A/G","A/G","A/A","A/A","A/A","A/A","A/A","A/G","A/A","A/A","A/A","A/A","A/A","A/A","A/A","A/A","A/A","A/A","A/A","A/A","A/G","A/A","A/A","A/A","A/A","A/A","A/A","A/A","A/A","A/A","A/A","A/A","A/G","A/G","A/A","A/A","A/A","A/A","A/A","A/A","A/A","A/A","G/G","A/A","A/A","A/A","A/A","A/A","A/A","A/A","A/A","A/A","A/A","A/A","?/?","A/A","A/A","A/G","A/G","A/A","A/A","A/A","A/A","A/A","A/A","A/A","A/A","A/A","A/A","A/A","A/A","A/A","A/A","A/A","A/A","A/A","A/A","A/A","A/A","A/G","A/A","A/A","A/A","A/A","A/A","A/A","A/A","A/A","A/G","A/A","A/A","G/G","A/A","A/A","A/G","A/A","A/G","A/A","G/G","A/A","A/A","A/A","?/?","A/A","A/A","A/A","A/A","A/A","A/G","A/G","A/A","A/A","A/A","A/A","A/A","A/A","A/A","A/A","A/A","A/A","A/A","A/A","A/A","A/A","A/A","A/A","A/A","A/A","A/A","A/A","A/A","A/A","A/A","A/A","A/A","A/A","A/A","A/A","A/A","A/A","A/A","A/A","A/A","A/A","A/A","A/A","A/A","A/A","A/A","A/A","A/G","A/A","A/A","A/A","A/A","A/A","A/A","A/A","A/A","A/A","A/A","A/A","A/A","A/A","A/A","A/A","A/A","A/A","A/A","A/A","A/A","A/A","A/A","A/A","A/A","A/A","A/A","A/A","A/A","?/?","A/A","A/A","A/A","A/A","A/A","A/G","?/?","A/A","A/A","A/A","A/A","A/A","A/A","A/A","A/A","A/A","A/G","A/A","A/A","A/A","A/A","A/A","A/G","A/A","A/A","A/A","A/G","A/A","A/A","A/A","A/A","A/A","A/A","A/A","A/A","A/A","A/A","A/A","A/A","A/A","A/A","A/A","A/A","A/A","A/A","A/A","A/A","A/A","A/A","A/A","A/A","A/A","A/A","A/A","A/A","A/A","A/A","A/A","A/A","A/A","A/A","A/A","A/G","A/G","?/?","A/A","A/A","A/A","A/A","A/A","A/A","A/A","A/A","A/G","A/A","A/A","A/A","A/A","A/A","A/A","A/A","A/A","A/G","A/A","A/A","?/?","A/A","A/A","?/?","A/A","A/G","A/G","A/A","A/A","A/A","A/A","A/A","A/A","A/A","A/A","A/A","A/A","A/A","A/A","A/A","A/A","A/A","A/A","A/A","A/A","A/A","A/A","?/?","A/A","A/A","A/A","A/A","A/A","A/A","A/A","A/A","A/A","A/A","A/A","A/A","A/A","A/A","A/A","A/G","A/A","A/A","A/A","A/A","A/G","A/A","A/A","A/A","A/A","A/G","A/A","A/A","A/A","A/A","A/A","A/A","?/?","A/A","A/A","A/A","?/?","A/A","A/G","?/?","A/A","A/A","A/A","A/A","A/A","A/A","A/A","A/A","A/A","A/A","?/?","A/A","A/A","A/A","A/A","A/A","A/A","A/A","A/A","A/A","A/A","A/A","A/A","A/A","A/A","A/A","A/A","A/A","A/A","A/A","A/A","A/A","A/A","A/A","A/A","A/A","A/A","A/G","A/A","A/A","A/A","A/A","A/A","A/A","A/A","A/A","A/A","A/A","A/A","A/A","A/A","A/A","G/G","A/A","A/A","A/A","A/A","A/A","A/A","A/A","A/A","A/A","A/A","A/A","A/A","A/A","A/A","A/A","A/A","A/A","A/A","?/?","A/A","A/A","A/A","A/A","A/A","A/A","A/A","A/A","A/A","?/?","A/A","A/A","A/A","A/A","A/A","A/A","A/A","A/A","A/A","A/A","A/A","A/A","A/A","A/A","A/A","A/A","A/A","A/A","A/A","A/G","A/A","A/A","A/A","A/A","A/A","A/A","A/A","A/A","A/A","A/A","A/A","A/A","A/A","A/G","A/A","A/A","A/G","A/A","A/A","?/?","A/A","A/A","A/A","A/A","A/A","A/A","A/A","A/A","A/G","A/A","A/A","A/A","A/A","A/A","A/A","A/A","A/A","A/A","?/?","A/A","A/A","A/A","A/A","A/G","A/A","A/A","A/A","A/A","A/A","A/A","A/A","A/A","A/A","A/A","G/G","A/G","A/A","A/A","A/A","A/A","A/A","A/A","A/A","A/A","A/G","A/A","A/A","A/A","A/A","A/A","A/A","A/A","A/A","A/A","A/A","A/A","A/G","A/A","A/A","A/A","A/A","A/A","A/A","A/A","A/A","A/A","A/G","A/A","?/?","A/A","A/G","A/G","A/G","A/A","A/A","A/A","A/A","A/A","A/A","A/A","A/G","A/G","A/A","A/A","A/A","A/A","?/?","G/G","A/A","A/A","A/A","A/A","A/A","A/A","A/G","A/A","A/G","?/?","A/A","A/A","A/A","A/G","A/A","A/A","A/A","A/A","A/A","A/G","A/A","?/?","A/G","A/A","A/A","A/A","A/G","A/G","A/A","A/A","A/A","A/A","A/G","A/A","A/G","A/A","A/A","A/G","A/A","A/A","A/A","A/A","A/A","A/A","A/A","A/A","A/A","A/A","A/A","A/A","A/A","A/A","A/A","A/A","A/A","A/A","A/A","A/A","G/G","G/G","A/A","A/A","G/G","A/A","A/A","A/A","A/A","A/A","A/A","A/A","A/G","A/A","A/A","A/A","A/A","A/A","A/A","A/A","A/A","A/A","A/A","A/A","A/A","A/A","A/A","A/G","A/A","A/G","G/G","A/G","A/A","A/G","A/A","A/A","A/G","A/A","A/A","A/A","A/G","A/G","A/A","G/G","G/G","A/A","G/G","A/A","A/A","A/A","A/A","A/A","A/A","A/A","A/A","A/A","A/A","A/A","A/A","A/A","A/A","A/A","A/A","G/G","G/G","G/G","A/A","A/A","A/A","A/A","?/?","A/A","A/A","A/A","A/A","A/A","A/A","A/A","A/A","A/A","A/A","A/A","A/A","A/A","A/A","A/A","A/A","A/A","A/A","A/A","A/A","A/A","A/A","A/A","A/A","A/A","A/A","A/A","A/A"
"24","PZA00346.1",11148,"7","140152310","","","PZA00346","AY108275","AY108275","random",9914,10768,1,1,1,"T/T","C/T","C/C","C/T","C/T","C/C","C/C","C/C","C/C","T/T","C/C","T/T","T/T","C/T","C/T","C/C","C/C","C/C","C/C","C/C","C/C","C/T","C/C","C/C","?/?","C/C","C/C","C/C","C/C","C/C","C/C","C/C","C/C","C/C","C/C","C/C","C/C","C/C","?/?","C/C","C/C","C/T","C/T","C/T","C/C","C/C","?/?","C/T","C/C","C/T","C/T","C/C","C/T","C/T","?/?","C/C","C/T","C/C","?/?","C/T","C/C","?/?","C/T","?/?","C/C","C/C","C/C","C/T","C/T","C/C","C/T","C/C","C/T","C/C","C/C","C/C","?/?","T/T","?/?","C/T","?/?","T/T","C/T","C/C","C/T","C/C","C/T","C/T","C/T","C/C","C/T","C/T","C/T","C/T","C/C","T/T","C/T","T/T","C/C","?/?","?/?","T/T","T/T","T/T","T/T","C/T","C/T","C/T","C/C","?/?","C/T","T/T","T/T","C/T","C/C","T/T","C/T","C/T","?/?","C/C","C/T","T/T","T/T","C/T","C/T","C/T","C/C","C/T","C/T","C/T","C/T","C/T","T/T","C/C","C/T","C/T","T/T","T/T","T/T","C/T","?/?","?/?","?/?","T/T","T/T","T/T","C/T","T/T","C/T","C/T","T/T","C/T","T/T","T/T","T/T","T/T","C/T","?/?","C/T","C/C","T/T","T/T","C/C","C/T","T/T","C/C","C/T","C/T","?/?","C/C","C/T","C/C","C/C","C/C","C/T","C/T","C/C","T/T","C/T","C/T","C/C","C/T","C/C","C/T","C/T","C/C","C/T","C/T","C/C","C/C","C/C","C/C","C/C","T/T","C/C","?/?","C/C","?/?","C/C","C/C","C/C","C/C","C/T","C/C","C/C","C/T","C/C","C/T","C/C","C/C","C/C","C/T","T/T","C/C","C/C","?/?","C/T","C/T","T/T","C/T","C/C","C/C","C/C","C/T","C/T","?/?","C/C","C/C","?/?","?/?","C/C","C/C","C/C","C/C","C/C","C/T","C/C","C/C","C/C","C/C","C/C","C/C","C/C","C/C","C/T","?/?","C/C","C/C","?/?","C/C","C/C","C/C","?/?","?/?","C/T","C/C","C/C","C/C","C/C","C/C","C/C","C/T","C/C","C/C","C/T","C/C","C/C","?/?","C/T","C/T","C/T","T/T","C/C","C/T","C/C","C/C","C/T","?/?","C/T","C/C","C/C","C/T","C/C","T/T","C/C","?/?","T/T","C/C","?/?","C/C","C/C","C/T","C/C","C/T","?/?","C/C","C/C","T/T","?/?","C/T","C/T","C/C","?/?","C/T","T/T","?/?","C/C","C/C","C/T","C/T","?/?","?/?","?/?","C/T","C/C","?/?","C/T","C/C","C/C","?/?","T/T","C/C","C/T","C/C","C/C","C/T","C/T","C/C","C/C","?/?","C/C","C/C","C/C","C/C","C/C","C/C","C/C","C/C","C/C","C/C","C/T","C/C","C/C","C/C","?/?","C/C","C/C","C/C","C/C","C/C","C/T","?/?","C/C","C/C","C/C","C/C","C/T","C/C","C/C","C/C","C/T","C/T","C/C","?/?","C/C","C/C","C/C","C/T","?/?","C/T","C/C","C/C","C/T","C/C","T/T","C/T","C/C","C/C","C/C","?/?","C/C","C/C","C/T","C/C","C/C","C/C","C/T","?/?","C/T","C/T","C/C","T/T","C/C","C/T","?/?","C/T","C/C","T/T","C/C","C/C","C/T","?/?","C/T","?/?","C/T","C/T","C/C","C/C","C/T","C/C","C/T","C/C","T/T","C/T","C/T","C/C","?/?","C/T","?/?","C/C","?/?","C/C","C/C","C/C","C/T","C/C","C/T","C/T","C/C","C/T","C/C","C/T","?/?","C/T","C/C","C/C","C/C","C/C","C/C","C/T","C/C","?/?","C/C","C/C","C/C","C/C","C/C","?/?","?/?","C/C","C/C","C/T","C/C","C/C","C/T","C/C","C/C","C/C","C/C","C/C","C/C","C/C","C/C","C/C","C/C","C/C","C/C","C/C","C/C","C/C","C/C","C/C","C/C","C/C","T/T","C/C","C/C","C/C","C/C","C/C","C/C","C/C","C/C","C/C","C/C","C/C","C/C","C/C","?/?","C/C","C/C","C/C","C/C","C/C","C/C","C/C","C/C","?/?","C/C","?/?","C/C","C/C","T/T","C/C","C/C","C/T","T/T","C/C","T/T","C/T","C/C","C/C","C/T","C/C","C/C","T/T","C/T","C/C","C/T","C/C","C/C","C/T","C/T","T/T","T/T","C/C","C/T","?/?","C/C","C/C","C/T","?/?","C/C","C/C","C/C","C/C","C/C","C/C","C/C","C/C","C/C","C/C","C/T","C/T","C/C","?/?","C/C","C/T","C/C","T/T","C/C","T/T","C/C","C/C","?/?","C/C","C/C","?/?","C/C","C/C","C/C","C/C","C/C","C/C","C/T","?/?","C/C","C/C","C/C","C/C","C/C","C/C","C/C","?/?","C/C","C/C","C/C","C/C","C/T","T/T","C/C","C/T","C/C","C/C","C/C","C/T","T/T","C/T","C/T","T/T","C/C","C/C","?/?","C/C","C/C","C/T","C/C","C/C","C/C","C/C","C/C","C/T","C/T","C/T","C/T","?/?","C/C","C/C","C/C","C/T","C/T","C/T","?/?","C/C","C/C","C/C","C/C","?/?","C/T","C/C","?/?","C/C","T/T","C/C","C/T","C/C","C/T","T/T","C/T","C/C","C/C","C/C","?/?","C/T","C/C","?/?","?/?","C/T","C/C","C/T","?/?","C/C","C/C","C/C","C/C","C/T","C/C","C/T","C/T","C/C","C/C","?/?","C/C","?/?","?/?","C/C","?/?","C/C","C/C","C/C","C/C","C/T","C/T","C/C","C/C","C/C","C/C","C/C","C/C","C/C","?/?","C/T","C/T","C/T","C/C","C/T","C/C","T/T","?/?","C/C","C/C","C/C","C/T","C/C","C/T","C/C","C/C","C/C","?/?","C/T","C/C","T/T","C/T","C/C","T/T","C/C","C/T","C/C","?/?","C/C","C/T","C/T","C/T","C/T","?/?","C/C","C/C","C/C","C/C","C/C","C/C","C/C","C/C","C/C","C/T","C/C","C/T","C/C","C/T","C/C","C/C","C/C","C/C","C/C","C/C","C/C","C/C","C/C","C/C","C/T","C/C","C/C","C/C","C/C","?/?","C/C","C/C","C/C","C/C","?/?","?/?","C/T","C/C","C/C","C/C","C/C","C/C","C/T","C/C","C/T","C/T","C/C","C/C","C/T","C/C","C/C","C/C","C/C","T/T","C/C","C/C","?/?","T/T","T/T","C/C","?/?","C/C","?/?","?/?","C/C","T/T","C/C","C/T","C/C","C/C","?/?","C/T","T/T","C/C","?/?","C/C","C/C","C/C","C/C","C/C","C/C","C/T","C/C","C/C","C/C","T/T","C/C","C/C","C/C","C/T","C/C","C/C","?/?","C/T","C/T","C/C","C/C","?/?","C/T","C/C","C/C","C/C","C/C","C/C","?/?","C/C","C/T","C/C","C/C","?/?","C/T","C/C","C/C","C/C","C/C","C/C","C/T","C/T","T/T","C/T","C/C","?/?","C/C","C/C","C/C","?/?","C/C","C/T","C/T","?/?","C/C","C/C","?/?","C/C","C/C","?/?","C/T","?/?","C/T","C/C","C/T","?/?","C/T","T/T","?/?","C/C","C/T","C/C","C/C","C/T","C/T","?/?","C/T","C/T","C/T","C/T","C/T","T/T","C/T","C/C","C/T","T/T","C/T","?/?","C/T","C/T","C/T","C/T","?/?","T/T","?/?","C/C","C/C","C/T","C/T","C/C","C/T","C/C","C/C","C/T","C/T","C/T","?/?","C/C","C/T","C/C","C/C","C/T","C/T","C/C","T/T","?/?","C/C","?/?","C/C","T/T","T/T","C/C","C/T","C/T","C/T","C/C","C/C","C/C","C/C","C/C","C/C","C/C","C/C","C/C","C/C","C/C","C/C","C/C","C/C","C/C","C/C","C/C","C/C","C/C","C/C","C/C","C/C","C/C","C/C","C/C","C/C","C/C","C/C","C/C","C/C","C/C","T/T","T/T","C/C","C/C","C/C","C/C","?/?","C/C","C/C","C/C","C/C","C/C","T/T","T/T","T/T","T/T","T/T","T/T","T/T","T/T","T/T","C/C","C/C","C/C","C/C","?/?","T/T","T/T","C/C","C/C","C/C","T/T","T/T","T/T","T/T","C/C","C/C","C/C"
"38","PZA00504.1",3983,"7","142135761","","","PZA00504","AY107286","AY107286","random",7868,10920,1,1,1,"C/T","C/C","T/T","C/C","T/T","C/C","C/C","C/T","C/T","C/C","T/T","C/C","C/T","C/T","C/T","C/C","C/T","C/T","T/T","C/T","T/T","C/T","T/T","T/T","T/T","T/T","C/C","T/T","T/T","T/T","C/T","T/T","T/T","T/T","?/?","?/?","C/T","C/T","C/C","C/T","C/T","C/T","C/C","C/C","C/C","T/T","T/T","T/T","C/C","T/T","C/T","?/?","C/C","C/C","T/T","T/T","T/T","C/C","T/T","C/C","?/?","C/T","T/T","C/T","C/T","C/T","C/T","C/C","C/T","T/T","T/T","C/C","C/C","C/T","C/T","C/T","C/T","?/?","C/T","T/T","C/T","C/T","C/T","C/C","C/C","C/T","C/T","C/C","C/C","T/T","C/C","C/C","C/T","C/C","C/T","C/C","C/C","C/C","?/?","T/T","C/C","C/C","C/T","C/C","C/T","C/T","C/C","C/T","C/C","C/C","C/C","C/C","C/C","C/T","C/C","C/C","C/C","C/T","C/C","C/C","C/C","C/C","C/C","C/C","C/T","C/T","C/C","C/C","C/T","C/C","C/C","C/T","C/C","T/T","C/C","C/C","C/C","C/C","C/C","C/C","C/C","C/C","C/T","C/C","T/T","C/C","C/T","C/C","C/T","C/C","T/T","C/T","T/T","C/C","C/C","C/T","C/C","C/C","C/C","C/C","C/T","T/T","C/C","C/T","C/T","C/C","T/T","C/C","C/C","C/C","C/C","C/C","C/C","C/C","C/T","C/C","C/C","C/C","C/C","C/C","C/C","C/C","C/C","C/C","C/C","C/T","C/C","C/C","C/T","C/T","C/C","C/T","C/T","T/T","C/C","T/T","C/C","C/T","C/C","C/T","C/C","C/T","T/T","T/T","C/T","C/T","C/T","C/T","C/C","?/?","C/T","C/C","C/C","T/T","C/T","C/T","C/T","C/C","C/T","T/T","C/T","T/T","C/T","C/T","C/C","C/T","T/T","T/T","T/T","T/T","T/T","C/T","C/T","T/T","T/T","T/T","C/T","C/T","T/T","T/T","T/T","T/T","T/T","T/T","T/T","C/T","T/T","C/T","C/T","C/T","C/T","T/T","C/T","T/T","T/T","T/T","T/T","T/T","C/T","T/T","C/T","C/T","T/T","T/T","T/T","T/T","C/T","T/T","C/T","T/T","T/T","T/T","T/T","T/T","C/T","T/T","T/T","T/T","T/T","C/T","T/T","C/T","C/T","T/T","C/T","C/T","T/T","T/T","T/T","T/T","C/C","C/T","C/C","C/T","C/T","C/T","C/T","T/T","C/T","T/T","C/T","C/T","T/T","C/T","T/T","C/T","C/C","C/C","C/T","T/T","T/T","C/C","T/T","T/T","C/T","C/C","C/C","T/T","C/C","C/C","C/T","C/T","C/T","C/T","C/C","C/C","C/C","C/C","C/T","C/C","T/T","C/C","T/T","C/C","T/T","C/C","C/T","C/T","T/T","T/T","C/T","C/C","C/T","C/T","T/T","T/T","T/T","T/T","C/T","C/T","C/T","C/T","C/C","C/C","C/T","?/?","C/C","C/C","C/T","C/T","?/?","C/T","T/T","C/T","C/T","T/T","C/C","C/T","T/T","C/C","C/T","C/T","C/C","C/T","C/C","T/T","C/C","C/T","C/T","T/T","T/T","C/C","C/C","T/T","C/T","C/T","C/C","C/C","C/C","C/T","C/C","T/T","T/T","?/?","C/T","C/C","C/C","T/T","C/T","T/T","T/T","T/T","C/T","C/T","C/C","?/?","C/T","C/T","C/C","C/C","C/C","C/T","C/T","C/T","C/T","C/T","C/T","C/C","C/C","?/?","T/T","C/T","C/T","C/T","C/C","T/T","C/T","C/T","C/C","C/T","C/T","C/C","C/C","C/T","C/T","C/T","C/T","C/C","C/T","C/T","C/T","C/C","C/T","C/C","C/T","C/T","C/T","C/C","C/C","C/T","C/C","C/T","C/T","C/T","C/C","T/T","?/?","C/C","C/C","C/T","T/T","C/T","T/T","T/T","C/T","C/C","C/T","C/T","T/T","T/T","T/T","C/C","C/T","C/T","C/C","C/T","C/T","C/C","C/T","?/?","T/T","T/T","C/T","T/T","C/T","C/T","C/T","C/C","C/T","C/T","C/T","?/?","T/T","?/?","C/T","C/T","T/T","C/T","T/T","C/T","C/T","C/T","C/C","T/T","T/T","?/?","C/C","C/C","T/T","T/T","C/C","C/T","C/T","C/C","C/C","T/T","C/T","C/C","C/C","C/C","C/C","C/C","C/T","C/C","C/T","T/T","C/T","C/C","C/C","C/T","C/T","T/T","C/C","?/?","T/T","?/?","C/T","C/T","T/T","C/T","C/T","C/C","C/T","C/T","C/C","C/C","C/C","C/T","C/C","T/T","C/T","C/T","C/C","C/C","C/T","C/C","C/T","?/?","C/C","T/T","C/C","C/C","C/T","T/T","C/C","C/T","C/T","C/T","T/T","T/T","T/T","C/T","C/T","C/T","C/T","C/C","C/T","C/T","C/C","C/T","C/C","C/T","C/C","C/T","C/T","C/C","C/T","C/T","C/T","T/T","T/T","C/C","C/T","C/T","C/T","T/T","C/T","T/T","C/T","C/T","C/T","C/T","C/T","C/T","T/T","C/T","T/T","C/T","C/T","T/T","C/T","C/T","C/C","C/T","C/T","C/T","T/T","C/C","C/C","C/C","C/C","C/T","C/T","C/T","T/T","T/T","C/T","C/T","C/T","T/T","T/T","T/T","C/T","C/C","C/T","T/T","C/T","C/T","T/T","T/T","C/T","T/T","C/T","C/T","C/T","C/T","T/T","T/T","C/T","C/C","C/C","C/C","C/C","C/C","C/C","C/T","C/T","T/T","T/T","C/T","C/T","C/T","C/T","C/T","T/T","C/T","C/T","C/C","C/T","C/T","C/T","C/T","T/T","?/?","T/T","T/T","C/C","T/T","T/T","T/T","T/T","C/T","C/T","C/T","C/C","T/T","C/C","C/C","C/C","C/C","C/T","T/T","C/C","T/T","C/C","T/T","T/T","C/T","T/T","C/T","C/T","C/T","T/T","T/T","T/T","T/T","T/T","C/C","C/T","T/T","T/T","C/T","T/T","C/T","C/C","T/T","C/C","C/C","C/C","T/T","T/T","C/C","C/C","T/T","C/T","C/T","C/T","?/?","T/T","?/?","C/T","C/C","C/T","C/T","C/T","C/T","C/T","C/C","C/T","C/C","C/T","C/T","C/C","C/T","C/T","T/T","C/T","C/C","?/?","T/T","T/T","C/T","T/T","C/C","C/C","C/T","C/C","C/T","C/T","C/T","C/T","C/T","C/C","C/T","C/C","C/C","?/?","C/C","C/C","C/C","?/?","C/T","C/C","C/C","C/C","C/C","C/T","C/C","T/T","T/T","C/T","C/T","C/C","?/?","C/C","C/T","C/T","T/T","C/T","C/T","C/T","C/C","C/T","T/T","C/C","T/T","C/T","C/T","?/?","C/T","C/T","C/C","C/T","C/C","T/T","C/C","C/C","T/T","C/T","C/T","C/C","C/T","T/T","C/C","T/T","C/T","C/T","C/C","C/T","C/C","C/C","C/C","C/T","C/C","C/T","C/T","C/C","C/T","C/T","C/C","C/T","C/T","C/T","C/C","C/C","C/C","C/T","C/C","C/T","C/T","C/C","C/C","C/T","C/C","C/T","T/T","C/C","C/T","C/C","C/C","C/T","C/T","C/T","C/C","C/C","C/C","C/T","?/?","C/C","C/C","C/T","C/C","T/T","T/T","C/C","C/C","C/T","C/T","C/T","C/T","C/T","C/C","C/T","C/T","T/T","T/T","C/C","C/C","C/T","C/C","C/C","C/C","T/T","C/T","?/?","T/T","T/T","C/T","C/C","T/T","C/T","C/C","C/C","C/C","C/T","C/C","C/C","C/C","C/C","C/C","C/C","C/C","C/C","T/T","T/T","C/T","C/C","C/T","T/T","T/T","C/T","C/T","C/C","C/C","?/?","C/C","C/C","C/C","C/C","C/T","C/C","C/C","C/C","C/C","C/C","C/T","C/C","C/C","C/C","C/C","C/C","C/C","C/C","C/C","T/T","T/T","T/T","C/T","C/C","C/C","C/C","C/C","C/C","C/C","C/C","C/C","C/C","C/C","C/C","C/C","C/C","C/C","C/C","C/C","C/C","C/C","C/C","C/C","T/T","T/T","T/T","T/T","C/C","C/C","C/C","C/C","C/C","C/C","C/C","C/C","C/C","C/C","C/C","C/C","C/C"
"39","PZA00504.2",11315,"7","142135807","","","PZA00504","AY107286","AY107286","random",9965,10921,0,0,0,"C/T","C/T","C/C","C/C","C/C","C/C","T/T","C/T","C/T","C/T","C/C","T/T","C/T","C/C","C/C","T/T","C/T","C/C","C/C","C/C","C/C","C/C","C/C","C/C","C/C","C/C","C/T","C/C","C/C","C/C","C/C","C/C","C/C","C/C","C/C","C/C","C/T","C/C","C/C","C/C","C/C","C/T","C/T","C/T","C/C","C/C","C/C","C/C","C/C","C/C","C/T","C/C","C/C","C/C","C/C","C/C","C/C","C/C","C/C","C/C","C/T","C/T","C/C","C/T","C/C","C/T","C/C","C/T","C/T","C/C","C/C","C/C","C/C","C/T","C/C","?/?","C/C","C/T","C/T","C/C","C/C","C/T","C/C","C/C","C/C","C/T","C/C","C/T","C/C","C/C","C/C","C/T","C/T","C/T","C/C","T/T","T/T","T/T","C/C","C/C","?/?","C/T","C/C","T/T","C/C","C/T","C/T","C/C","T/T","T/T","T/T","C/T","T/T","C/T","C/C","T/T","T/T","C/T","C/T","?/?","T/T","?/?","?/?","C/T","C/T","C/T","T/T","T/T","C/T","C/T","C/T","C/C","C/T","C/C","C/C","C/T","T/T","?/?","?/?","C/C","T/T","C/T","C/T","T/T","C/C","?/?","C/T","T/T","C/T","T/T","C/C","C/T","C/C","T/T","T/T","C/T","T/T","T/T","C/T","T/T","C/T","C/C","C/C","C/C","C/C","C/C","C/C","C/T","C/T","C/T","C/T","C/T","C/C","C/C","C/C","T/T","T/T","C/C","C/T","C/T","C/T","T/T","T/T","C/T","T/T","C/T","C/C","C/T","C/T","C/T","C/T","C/C","C/C","C/C","C/C","C/C","C/C","C/C","C/C","C/C","C/C","C/T","C/C","C/C","C/C","C/C","C/C","C/C","C/C","C/C","C/T","C/C","C/C","C/C","C/T","C/C","C/T","C/T","C/T","C/C","C/C","C/C","C/C","C/C","C/C","C/C","C/C","C/C","C/C","C/C","C/C","C/C","C/C","C/C","C/C","C/C","?/?","C/C","C/C","?/?","C/C","C/C","C/C","C/C","C/C","C/C","C/C","C/C","C/C","C/T","C/C","C/C","C/C","C/C","C/C","C/C","C/C","C/C","C/C","C/C","C/C","C/C","C/C","C/C","C/C","C/C","C/C","C/C","C/C","C/C","C/C","C/C","C/C","C/C","C/C","C/C","C/C","C/C","C/C","C/C","C/C","C/C","C/C","C/C","C/C","C/C","C/C","C/C","C/C","C/C","C/C","C/C","C/C","C/C","C/C","C/C","C/C","C/C","C/C","C/C","C/C","C/C","C/C","C/C","C/C","C/C","C/C","C/C","C/C","C/C","C/C","C/C","C/C","C/C","C/T","T/T","T/T","C/C","C/C","C/C","C/C","C/C","C/T","C/C","C/T","C/T","C/C","C/C","C/C","C/C","C/C","C/C","C/C","C/C","C/C","C/C","C/C","C/C","C/C","C/C","C/C","C/C","C/C","C/C","C/C","C/C","C/C","C/C","C/C","C/C","C/C","C/C","C/C","C/C","C/C","C/C","C/C","C/C","C/C","C/C","C/C","C/C","C/C","C/C","C/C","C/C","C/C","C/C","C/C","C/C","C/C","C/C","C/C","C/C","C/C","C/C","C/C","C/C","C/C","C/C","C/C","C/C","C/T","C/C","C/C","C/C","C/C","C/C","C/T","C/C","C/T","C/C","C/C","C/T","C/C","C/T","C/C","C/C","C/C","C/C","C/C","C/C","C/C","C/C","C/C","C/C","C/C","C/C","C/C","C/C","C/C","C/C","C/C","C/C","C/T","C/C","C/C","C/C","C/C","C/C","C/C","C/C","C/C","C/T","C/C","C/C","C/C","C/C","C/T","C/C","C/C","C/C","C/C","C/C","C/C","C/C","C/T","C/C","C/C","C/T","C/C","C/C","C/C","C/C","C/C","C/C","C/C","C/T","C/T","C/C","C/C","C/C","C/C","C/C","C/T","C/C","C/C","C/C","C/C","C/C","C/C","C/T","C/C","C/C","C/C","C/C","C/C","C/C","C/C","C/T","C/C","C/C","C/C","C/C","C/T","C/T","C/C","C/C","C/C","C/T","C/C","C/C","C/C","C/C","C/C","C/C","C/C","C/C","C/C","C/C","C/C","C/C","C/C","C/C","C/C","C/C","C/C","C/T","C/C","C/C","C/C","C/C","C/T","C/C","C/C","C/C","C/C","C/C","C/C","C/C","C/C","C/T","C/T","C/C","C/T","C/C","C/C","T/T","C/C","C/C","C/C","C/T","C/C","?/?","C/C","C/C","C/C","C/C","C/C","C/C","C/C","C/C","C/C","C/C","C/C","C/C","C/T","C/T","C/C","C/C","C/T","C/T","C/T","C/C","?/?","C/C","C/C","C/C","T/T","C/C","C/C","C/C","T/T","C/T","C/C","C/T","C/T","C/T","T/T","C/C","C/T","?/?","C/T","C/C","T/T","C/T","C/T","C/T","C/C","C/C","C/C","C/T","C/T","C/C","C/C","T/T","C/C","C/T","T/T","C/T","C/T","C/C","C/C","C/C","C/C","C/T","C/C","C/C","C/C","C/C","C/C","C/C","C/C","C/C","C/C","C/C","C/C","C/C","C/C","C/C","C/C","C/C","C/C","C/C","C/C","C/C","C/C","C/C","C/C","C/C","C/C","C/C","C/C","C/C","C/T","C/C","C/C","C/T","C/C","C/C","C/C","C/C","C/T","C/C","C/C","C/C","C/C","C/C","C/C","C/C","C/C","C/C","C/C","C/C","C/C","C/C","C/C","C/C","C/C","C/C","C/C","C/C","C/C","C/C","C/C","C/C","C/C","C/C","C/C","C/C","C/C","C/T","C/T","C/C","C/T","C/C","C/T","C/C","C/C","C/T","C/C","C/T","C/C","C/C","C/C","C/C","C/C","?/?","C/C","C/T","C/C","C/C","C/C","C/T","C/C","C/C","C/C","C/C","C/C","C/C","C/C","C/C","C/C","C/T","C/T","C/C","C/T","C/C","C/T","C/C","C/C","C/C","C/T","C/C","C/C","C/C","C/C","C/C","C/C","C/C","C/C","C/T","C/C","C/C","C/C","C/C","C/C","C/C","C/C","C/C","C/C","C/C","C/C","C/T","T/T","C/C","C/T","C/C","C/C","C/C","C/C","C/C","C/T","C/C","C/C","C/C","C/T","C/C","C/C","C/C","C/C","C/C","C/C","C/C","C/C","C/C","C/C","C/C","C/T","C/C","C/T","C/T","C/T","C/T","C/T","C/C","C/C","C/C","C/C","C/C","C/C","C/C","C/C","C/C","C/C","C/C","C/C","C/T","C/T","C/C","C/C","C/C","C/C","C/C","T/T","C/T","C/T","C/T","C/T","C/T","C/C","C/T","C/C","C/T","C/T","C/C","C/C","C/C","C/C","C/C","C/C","C/C","C/T","C/C","C/C","C/C","C/T","C/C","C/C","C/C","C/T","C/T","C/C","C/C","C/T","C/C","C/C","C/C","C/C","C/C","C/C","C/C","C/C","C/C","C/C","C/C","C/C","C/C","C/C","C/C","C/C","C/C","C/C","C/C","C/C","C/C","C/C","C/C","C/C","C/C","C/C","C/C","C/C","C/C","C/C","C/C","C/C","C/C","C/C","C/C","C/C","C/C","C/C","C/C","C/C","C/C","C/C","C/C","C/C","C/C","C/T","C/C","C/C","C/C","C/C","C/C","C/C","C/C","C/C","C/C","C/C","C/C","C/C","C/C","C/C","C/C","C/T","C/C","C/C","C/C","C/C","C/C","C/C","C/C","C/C","C/C","C/C","C/C","C/C","C/C","C/C","C/T","C/C","C/C","C/C","C/C","C/C","C/C","C/C","C/T","C/C","C/C","C/C","C/T","C/T","C/C","C/C","C/C","C/C","C/C","C/C","T/T","C/C","C/T","C/T","C/C","C/C","C/T","C/T","?/?","C/C","C/C","C/C","C/C","C/C","C/C","C/C","C/C","C/C","C/C","C/C","C/C","C/C","C/C","C/C","C/C","C/C","C/T","C/C","C/C","C/T","C/T","T/T","T/T","C/T","C/C","?/?","T/T","T/T","C/T","T/T","C/T","T/T","T/T","C/C","C/C","C/C","C/T","T/T","C/C","C/C","C/C","T/T","T/T","C/C","C/C","C/C","C/C","C/C","?/?","T/T","T/T","T/T","T/T","T/T","C/C","C/C","C/C","C/C","C/C","C/C","C/C","T/T","T/T","T/T","C/C","C/C","C/C","T/T","T/T","T/T","T/T","T/T","T/T","T/T"
"4","PZA00096.26",3647,"7","144013500","","","PZA00096","AY110964","AY110964","random",7689,10557,1,1,1,"C/T","T/T","T/T","T/T","C/T","T/T","C/C","T/T","T/T","?/?","T/T","T/T","T/T","T/T","C/C","T/T","T/T","T/T","C/T","C/T","T/T","T/T","T/T","T/T","C/T","T/T","T/T","T/T","T/T","T/T","C/T","T/T","T/T","T/T","T/T","T/T","C/T","T/T","T/T","C/T","C/T","T/T","T/T","T/T","T/T","T/T","C/T","T/T","?/?","C/T","C/C","C/C","T/T","C/T","T/T","T/T","C/T","T/T","C/T","C/T","T/T","C/T","T/T","T/T","C/T","T/T","T/T","T/T","C/T","C/T","C/T","C/T","C/T","T/T","C/T","C/T","C/T","T/T","?/?","C/T","C/T","T/T","T/T","T/T","C/T","T/T","C/T","C/T","C/C","T/T","C/T","C/T","T/T","C/C","C/T","?/?","T/T","C/T","C/T","C/T","C/T","C/T","T/T","T/T","T/T","T/T","C/C","T/T","T/T","T/T","C/C","C/C","C/T","C/T","C/C","T/T","T/T","T/T","T/T","T/T","T/T","?/?","T/T","T/T","T/T","T/T","C/T","T/T","T/T","T/T","T/T","T/T","T/T","T/T","?/?","T/T","T/T","T/T","T/T","T/T","T/T","T/T","T/T","T/T","C/T","T/T","C/T","T/T","C/T","T/T","C/T","C/T","T/T","T/T","T/T","T/T","T/T","T/T","C/T","T/T","T/T","C/C","C/T","?/?","T/T","T/T","T/T","T/T","T/T","T/T","T/T","T/T","T/T","T/T","T/T","T/T","T/T","T/T","T/T","T/T","T/T","T/T","T/T","T/T","T/T","T/T","T/T","T/T","T/T","T/T","T/T","T/T","C/T","C/C","C/T","C/C","C/T","C/T","C/C","T/T","C/T","C/C","C/T","T/T","?/?","T/T","T/T","T/T","C/T","?/?","C/C","T/T","T/T","?/?","C/C","?/?","T/T","T/T","C/T","C/C","C/C","C/C","C/C","C/C","C/C","T/T","?/?","T/T","T/T","T/T","T/T","C/T","C/C","T/T","T/T","C/T","C/T","C/C","T/T","T/T","C/T","T/T","T/T","T/T","T/T","T/T","T/T","C/T","T/T","T/T","?/?","?/?","C/T","T/T","C/T","C/T","T/T","C/C","C/T","T/T","C/T","T/T","T/T","T/T","T/T","T/T","T/T","C/T","T/T","T/T","T/T","T/T","T/T","T/T","T/T","T/T","T/T","T/T","T/T","C/T","T/T","T/T","C/T","T/T","T/T","T/T","T/T","T/T","T/T","C/T","C/C","?/?","C/C","C/T","C/T","?/?","C/C","T/T","C/T","T/T","C/C","C/T","C/C","C/T","C/C","C/C","T/T","C/C","T/T","C/T","?/?","?/?","T/T","C/T","T/T","C/C","T/T","T/T","C/C","C/C","C/T","C/C","T/T","T/T","C/T","T/T","C/C","C/T","T/T","C/T","T/T","C/C","C/T","C/C","C/T","C/C","C/T","C/C","C/T","C/C","C/C","C/C","C/T","C/T","C/T","C/C","C/T","C/T","C/C","C/T","C/T","C/C","C/C","C/C","C/C","C/C","C/C","C/C","C/C","C/C","C/T","C/T","C/C","C/C","C/C","T/T","T/T","C/C","C/T","C/C","C/C","C/T","C/C","C/C","?/?","?/?","C/C","C/T","C/C","C/T","T/T","C/C","C/C","C/C","T/T","C/C","C/C","C/T","C/C","C/C","C/T","C/T","C/C","C/T","C/T","C/C","C/T","C/T","C/T","C/T","C/T","T/T","C/T","C/T","C/C","C/T","C/T","T/T","T/T","C/T","C/C","C/C","T/T","T/T","T/T","C/T","C/C","C/T","C/T","C/C","?/?","C/T","C/T","T/T","C/T","C/T","T/T","C/C","C/T","C/C","C/T","C/C","C/T","C/T","T/T","C/C","T/T","T/T","C/T","C/C","C/C","C/T","T/T","C/C","C/C","T/T","T/T","C/C","C/T","T/T","C/T","C/C","T/T","C/C","T/T","C/T","C/T","T/T","C/T","T/T","C/C","C/T","C/T","C/C","C/C","C/T","C/C","C/T","C/C","T/T","C/T","C/T","T/T","T/T","C/T","C/T","C/T","C/T","C/T","C/C","C/T","C/C","C/T","C/T","C/C","T/T","C/T","T/T","C/T","C/C","C/T","T/T","C/T","T/T","C/T","C/T","T/T","C/T","T/T","C/T","T/T","T/T","C/T","C/T","C/C","T/T","C/C","C/T","C/T","?/?","C/T","C/T","C/C","C/T","C/C","C/T","?/?","C/C","C/T","C/C","C/T","C/T","C/C","T/T","T/T","T/T","C/T","C/T","?/?","C/C","T/T","C/C","T/T","C/C","C/C","C/C","C/T","C/T","C/C","C/C","C/T","?/?","C/T","C/T","C/T","C/C","C/T","T/T","C/C","T/T","C/T","T/T","T/T","T/T","T/T","C/T","T/T","T/T","T/T","T/T","T/T","C/C","?/?","T/T","C/C","C/T","C/C","C/T","T/T","C/T","T/T","T/T","T/T","T/T","T/T","C/T","C/T","T/T","T/T","T/T","T/T","C/T","C/T","T/T","T/T","T/T","T/T","C/C","C/T","T/T","T/T","T/T","C/C","T/T","C/T","T/T","C/T","T/T","C/T","C/T","C/T","C/T","T/T","T/T","T/T","C/T","T/T","T/T","T/T","C/C","C/T","T/T","T/T","T/T","C/T","C/C","C/T","T/T","C/T","C/C","C/T","T/T","C/T","C/T","T/T","T/T","C/T","C/T","T/T","C/T","T/T","?/?","C/T","C/C","T/T","C/C","T/T","C/C","T/T","T/T","T/T","T/T","?/?","C/C","C/C","T/T","C/T","C/T","C/C","C/T","T/T","?/?","C/C","C/C","T/T","T/T","?/?","?/?","C/T","C/T","T/T","C/T","C/T","C/T","T/T","C/C","C/T","T/T","C/C","T/T","C/T","C/C","C/C","C/T","T/T","C/T","T/T","C/T","C/T","C/T","T/T","C/T","C/T","C/T","C/C","C/T","C/C","T/T","C/T","C/T","C/T","C/T","C/T","C/C","C/C","C/C","C/T","C/T","C/C","T/T","C/C","T/T","T/T","C/T","C/C","C/C","T/T","T/T","T/T","C/T","C/C","C/T","C/C","C/C","C/C","C/T","C/T","T/T","C/T","C/C","?/?","T/T","C/T","C/C","T/T","T/T","C/C","?/?","C/C","C/T","T/T","T/T","C/C","C/C","C/C","C/C","C/T","C/T","C/T","T/T","C/C","C/C","C/C","C/C","C/T","T/T","C/T","C/T","C/T","C/C","C/C","C/T","C/C","C/T","C/T","C/C","C/T","T/T","C/C","C/C","T/T","C/T","C/T","C/C","C/C","C/C","C/C","C/C","T/T","C/C","?/?","C/T","C/C","C/C","C/T","C/C","C/T","C/C","C/C","C/T","C/C","C/C","C/C","T/T","C/C","T/T","C/T","C/T","C/C","C/C","?/?","C/T","T/T","?/?","C/C","C/C","T/T","C/C","C/C","C/C","T/T","T/T","T/T","C/C","C/C","C/T","T/T","T/T","T/T","C/T","T/T","T/T","T/T","C/T","C/T","C/C","T/T","C/C","C/T","C/T","C/T","T/T","C/T","?/?","C/T","T/T","T/T","C/C","T/T","C/T","C/T","C/T","C/T","C/T","T/T","T/T","C/T","C/T","C/C","C/T","T/T","T/T","T/T","T/T","T/T","C/C","T/T","C/T","T/T","C/T","T/T","T/T","T/T","T/T","C/T","C/T","C/T","T/T","C/T","T/T","T/T","T/T","T/T","C/C","T/T","C/T","C/T","C/T","C/T","?/?","T/T","C/C","C/T","C/T","T/T","C/T","C/C","C/C","C/T","C/T","C/C","C/C","C/C","?/?","C/T","T/T","T/T","C/T","C/T","C/T","C/T","T/T","C/C","C/T","C/T","C/T","C/T","C/C","C/T","T/T","T/T","T/T","T/T","T/T","T/T","C/T","T/T","T/T","T/T","T/T","?/?","C/C","C/C","C/C","C/C","T/T","C/C","?/?","C/T","C/C","C/T","C/T","T/T","C/T","C/C","?/?","T/T","C/T","?/?","?/?","T/T","T/T","T/T","T/T","C/C","C/C","C/C","T/T","T/T","C/C","C/C","C/C","T/T","T/T","C/C","C/C","T/T","T/T","T/T","T/T","T/T","T/T","T/T","T/T","T/T","T/T","T/T","?/?","T/T","T/T","T/T","T/T","T/T","T/T","T/T","C/C","C/C","C/C","T/T","T/T","T/T","T/T","T/T","T/T","T/T"
"50","PZA02940.3",4276,"7","144884172","","","PZA02940","AY104575","AY104575","random",8030,11208,1,1,1,"A/T","?/?","?/?","T/T","A/A","T/T","T/T","A/A","T/T","A/A","T/T","A/A","A/T","A/A","A/T","T/T","A/A","A/T","T/T","A/T","A/A","A/T","T/T","A/T","?/?","T/T","A/T","T/T","T/T","A/T","A/T","A/T","A/T","T/T","?/?","T/T","A/A","T/T","A/T","T/T","A/A","A/T","A/T","A/A","A/A","A/A","A/A","A/A","?/?","A/A","A/A","A/A","A/A","A/A","A/T","A/A","A/T","A/A","A/T","A/A","A/A","A/T","A/T","A/T","A/A","A/A","A/T","A/T","A/A","A/A","T/T","T/T","A/A","A/A","A/A","A/A","A/T","T/T","A/T","A/A","A/T","T/T","A/T","A/T","A/A","A/T","A/T","A/T","T/T","A/A","A/A","A/T","T/T","T/T","A/T","T/T","A/T","T/T","A/T","A/T","A/T","A/T","A/T","A/T","A/T","T/T","A/T","T/T","T/T","A/T","A/T","A/A","A/A","A/A","T/T","A/T","A/T","A/A","A/T","A/A","A/T","A/A","T/T","A/A","T/T","A/A","A/A","A/A","A/A","A/A","A/A","A/T","A/A","A/A","A/T","A/A","A/A","A/A","A/A","A/T","A/T","A/A","A/A","T/T","A/A","T/T","A/A","T/T","A/T","A/T","A/A","A/A","T/T","T/T","T/T","T/T","A/T","T/T","A/T","A/A","T/T","A/A","A/A","A/T","A/A","T/T","A/A","A/A","T/T","A/T","A/T","A/T","A/A","T/T","A/T","T/T","T/T","T/T","T/T","A/T","T/T","T/T","T/T","T/T","T/T","A/T","T/T","T/T","A/T","T/T","A/T","T/T","A/T","T/T","T/T","A/T","T/T","T/T","T/T","T/T","T/T","T/T","T/T","A/T","T/T","T/T","T/T","T/T","T/T","A/T","A/T","T/T","T/T","T/T","A/T","T/T","T/T","T/T","T/T","A/T","A/A","A/A","A/T","A/A","T/T","T/T","T/T","A/T","T/T","A/T","T/T","A/T","T/T","A/T","A/T","T/T","A/A","T/T","A/T","A/T","T/T","A/T","T/T","A/T","A/T","T/T","T/T","T/T","T/T","A/A","A/T","?/?","T/T","T/T","T/T","A/T","A/T","T/T","T/T","T/T","A/T","T/T","A/T","A/T","A/T","T/T","T/T","A/T","T/T","T/T","T/T","A/A","?/?","T/T","A/T","A/T","T/T","?/?","?/?","?/?","A/T","A/T","T/T","T/T","A/T","A/T","T/T","A/T","T/T","A/T","T/T","T/T","T/T","T/T","A/T","A/T","A/T","T/T","T/T","T/T","A/T","A/T","A/T","A/T","T/T","A/T","A/T","T/T","T/T","A/T","?/?","T/T","T/T","A/A","T/T","T/T","T/T","A/A","T/T","T/T","A/A","T/T","T/T","T/T","T/T","T/T","T/T","T/T","A/T","A/T","A/T","T/T","A/A","?/?","A/T","T/T","T/T","T/T","A/T","A/T","T/T","A/T","A/T","A/T","T/T","A/A","A/A","T/T","A/A","T/T","A/A","A/T","T/T","T/T","A/A","A/T","T/T","T/T","T/T","A/T","T/T","?/?","T/T","A/T","T/T","A/T","A/T","A/A","T/T","T/T","A/T","A/T","A/T","A/T","T/T","A/A","A/T","T/T","T/T","T/T","A/A","A/T","T/T","A/T","A/A","T/T","A/T","A/T","T/T","T/T","A/T","T/T","A/T","A/T","A/A","T/T","A/T","A/T","A/T","A/T","A/T","A/T","A/T","A/A","T/T","A/T","T/T","A/T","A/T","A/A","T/T","T/T","T/T","A/A","T/T","A/T","A/T","T/T","T/T","A/A","T/T","T/T","T/T","A/T","T/T","A/T","A/T","A/T","A/A","A/A","A/T","A/T","T/T","A/T","T/T","A/A","A/A","T/T","A/T","T/T","A/T","?/?","T/T","T/T","A/T","A/T","T/T","A/A","A/T","T/T","A/T","A/A","T/T","A/T","A/T","T/T","T/T","T/T","A/A","T/T","T/T","T/T","A/T","A/T","T/T","A/A","?/?","A/T","A/A","A/A","T/T","T/T","A/T","T/T","T/T","A/T","A/T","A/T","A/T","A/T","A/T","A/T","A/T","T/T","T/T","A/T","T/T","A/A","A/T","T/T","T/T","T/T","A/T","A/T","A/A","T/T","T/T","T/T","A/T","A/T","A/T","A/A","A/T","A/T","A/A","A/T","A/T","A/A","A/T","T/T","A/T","A/T","A/A","A/A","A/T","T/T","A/A","A/A","T/T","A/T","A/T","A/A","A/A","A/A","A/T","T/T","A/T","A/T","?/?","T/T","A/T","A/T","T/T","A/A","T/T","T/T","T/T","A/T","T/T","T/T","A/T","T/T","A/A","?/?","T/T","A/T","A/A","A/T","A/T","A/A","A/T","A/T","A/T","?/?","A/A","A/T","T/T","T/T","T/T","T/T","A/T","A/A","A/T","A/T","?/?","T/T","T/T","A/T","T/T","T/T","A/T","A/T","A/T","A/T","A/T","A/A","A/A","A/A","T/T","T/T","T/T","T/T","T/T","A/T","T/T","A/T","T/T","A/T","A/T","T/T","T/T","T/T","A/T","A/T","A/T","?/?","T/T","A/T","A/T","T/T","T/T","A/T","A/T","T/T","A/A","A/A","T/T","A/A","T/T","A/T","T/T","T/T","A/T","T/T","A/T","A/A","A/T","A/T","A/T","T/T","A/T","A/T","A/T","T/T","A/T","A/T","T/T","A/T","T/T","T/T","?/?","T/T","A/T","A/T","A/T","T/T","T/T","A/A","T/T","A/T","T/T","A/A","T/T","A/A","T/T","?/?","?/?","A/T","A/A","A/A","A/A","A/T","A/T","T/T","A/T","A/T","A/T","T/T","T/T","A/A","A/T","T/T","T/T","A/T","A/A","A/T","A/T","T/T","T/T","T/T","A/T","A/A","A/A","A/T","T/T","A/A","T/T","A/T","A/T","A/T","T/T","A/T","?/?","A/T","A/A","?/?","A/T","A/A","A/T","T/T","A/T","?/?","A/T","T/T","A/A","A/A","A/T","A/T","A/A","?/?","A/A","T/T","T/T","A/T","T/T","T/T","T/T","T/T","T/T","T/T","T/T","T/T","T/T","T/T","T/T","A/T","T/T","T/T","T/T","A/T","A/A","T/T","T/T","A/T","T/T","T/T","T/T","A/T","T/T","T/T","A/T","T/T","T/T","A/A","T/T","A/T","A/T","T/T","A/T","A/A","A/T","A/T","T/T","T/T","T/T","T/T","A/T","A/A","T/T","T/T","T/T","A/T","T/T","A/T","T/T","A/T","A/T","A/T","A/T","A/T","T/T","T/T","A/T","A/T","T/T","T/T","A/T","A/T","A/T","T/T","T/T","T/T","T/T","T/T","T/T","T/T","A/T","A/A","T/T","A/T","A/T","T/T","A/A","A/T","T/T","A/A","T/T","A/A","T/T","A/T","A/A","A/A","A/T","A/T","A/T","A/A","A/A","A/A","A/A","A/A","A/T","A/T","A/T","A/T","A/A","A/T","A/T","A/A","A/A","A/A","A/T","A/T","A/A","A/T","A/A","A/A","A/T","A/A","A/A","A/A","A/T","A/T","T/T","A/T","A/A","A/T","T/T","A/A","T/T","A/T","A/T","?/?","A/A","T/T","A/T","A/T","A/T","T/T","A/A","A/T","A/T","T/T","A/A","A/A","A/A","A/A","A/A","A/A","A/T","A/A","A/T","T/T","A/T","A/T","A/A","A/A","A/T","?/?","A/T","A/T","A/T","A/A","A/A","A/T","A/T","A/A","T/T","A/T","A/T","A/T","A/T","T/T","T/T","T/T","A/A","A/T","?/?","?/?","A/T","T/T","T/T","T/T","A/T","A/T","T/T","A/T","A/T","T/T","T/T","A/A","A/T","T/T","T/T","A/A","T/T","A/T","T/T","T/T","T/T","T/T","A/A","A/A","A/T","T/T","T/T","A/A","A/T","A/T","A/T","A/T","T/T","A/T","T/T","T/T","T/T","A/T","T/T","T/T","T/T","A/T","A/T","A/T","A/A","A/A","T/T","A/T","T/T","T/T","T/T","T/T","T/T","T/T","A/A","A/A","T/T","T/T","T/T","A/A","A/A","A/A","A/A","A/A","T/T","T/T","T/T","T/T","T/T","T/T","T/T","?/?","T/T","T/T","T/T","T/T","T/T","A/A","A/A","A/A","?/?","T/T","T/T","T/T","T/T","?/?","T/T","T/T","T/T","T/T","T/T","?/?","T/T","T/T","A/A","?/?","A/A"
"64","PZB00062.7",6133,"7","145056593","","","PZB00062","AI881573","AI881573","candidate",8198,11459,0,0,0,"A/A","A/G","A/A","A/G","A/A","A/A","A/A","A/A","G/G","G/G","G/G","G/G","G/G","G/G","G/G","G/G","A/A","A/A","A/A","A/A","A/A","A/A","A/A","A/A","A/A","A/A","A/A","A/A","A/A","A/A","A/A","A/A","A/A","A/A","?/?","A/A","A/A","A/A","A/A","A/A","A/A","?/?","A/A","A/A","A/A","A/A","A/A","A/A","A/G","A/A","A/A","A/A","A/A","A/A","A/A","A/A","A/A","A/A","A/A","A/A","A/A","A/G","A/A","A/G","A/A","A/A","A/A","A/A","A/A","A/A","A/A","A/A","A/A","A/A","A/A","A/A","A/A","A/A","A/A","A/A","A/A","A/A","A/A","A/A","A/A","A/A","A/A","A/A","A/G","A/A","A/A","A/A","A/A","A/A","A/A","A/A","A/G","A/A","A/A","A/A","A/A","A/A","A/A","A/G","A/A","A/A","A/G","A/A","A/A","A/A","A/A","A/A","A/A","A/A","A/A","A/A","A/A","A/A","A/G","A/A","A/G","A/A","A/A","A/A","A/G","A/A","A/A","A/A","A/A","A/A","A/A","A/A","A/A","A/A","A/A","A/A","A/A","A/A","A/A","A/A","A/A","A/A","A/A","A/A","A/A","A/A","A/G","A/A","A/A","A/A","A/A","A/A","A/A","A/A","A/A","A/A","A/A","A/A","A/A","A/A","A/A","A/A","A/A","G/G","A/A","A/G","A/A","A/A","G/G","G/G","G/G","G/G","G/G","G/G","G/G","G/G","G/G","G/G","G/G","G/G","G/G","G/G","G/G","A/A","G/G","G/G","G/G","G/G","G/G","G/G","G/G","?/?","A/G","?/?","A/A","A/A","A/A","A/A","A/A","A/A","A/G","A/A","A/G","A/A","A/A","A/A","A/A","A/A","A/A","A/A","A/A","A/G","A/G","?/?","A/A","A/A","G/G","G/G","A/G","G/G","G/G","G/G","G/G","G/G","G/G","?/?","A/A","A/G","A/A","A/A","A/A","?/?","A/A","A/A","A/A","A/A","A/A","?/?","A/A","A/A","A/A","A/A","A/A","A/A","A/A","A/A","A/A","A/A","A/A","A/A","A/A","A/G","A/A","A/A","A/A","A/G","A/A","A/A","A/A","A/A","A/A","A/A","A/A","A/A","A/A","A/A","A/A","A/A","A/A","A/A","A/A","A/A","A/A","A/G","A/A","A/A","A/G","A/A","A/A","A/A","A/A","A/G","A/G","A/A","A/A","A/A","A/A","?/?","A/A","A/A","?/?","A/A","A/A","?/?","A/A","A/A","A/A","A/A","A/A","A/A","A/A","A/G","A/A","A/A","A/A","A/A","A/A","A/A","A/A","A/A","A/G","A/A","A/G","A/A","A/A","A/A","G/G","A/A","A/A","A/A","A/A","A/A","A/G","A/A","A/A","A/G","A/A","A/A","A/A","A/A","A/A","A/A","A/A","A/A","A/A","A/A","A/G","A/A","A/G","A/A","A/A","A/A","A/A","A/G","A/G","A/A","A/A","A/G","A/A","A/G","A/A","A/A","A/G","A/A","A/A","A/A","A/A","A/A","A/A","A/A","A/G","A/G","A/A","A/A","A/A","A/A","A/A","A/A","A/A","A/A","A/A","A/A","A/A","A/A","A/A","A/A","A/A","?/?","?/?","A/A","A/A","A/A","A/A","?/?","A/A","A/G","A/A","A/A","A/A","A/A","A/A","A/A","A/A","A/A","A/A","A/G","A/A","A/A","A/A","A/A","A/A","A/A","A/G","?/?","A/A","A/A","A/A","A/G","A/A","A/A","A/A","A/A","A/A","A/A","A/A","A/A","A/A","A/G","A/A","A/A","A/A","A/A","A/G","A/G","A/A","A/A","A/A","A/A","A/A","A/A","A/G","A/A","A/A","A/A","A/A","A/A","A/A","A/A","A/A","A/A","A/A","A/A","A/G","A/A","A/A","A/A","A/A","A/A","A/A","A/G","A/A","A/A","A/G","A/A","?/?","A/G","A/A","A/A","A/A","G/G","?/?","A/A","A/A","A/A","A/A","A/A","A/G","A/A","A/A","A/A","A/A","A/G","A/A","A/A","A/A","A/A","A/A","A/G","A/A","A/A","A/A","A/A","A/A","A/A","A/A","A/G","A/A","A/A","A/A","A/A","A/A","A/A","A/A","A/A","A/A","?/?","A/A","A/A","A/A","A/A","A/A","A/A","A/A","A/A","A/A","A/A","A/A","A/A","A/A","?/?","A/A","A/A","A/A","A/A","A/A","A/G","A/A","A/A","A/A","A/A","A/A","A/A","A/A","A/A","A/A","A/A","A/A","A/A","A/A","A/A","?/?","A/A","A/A","A/A","A/G","A/A","A/A","A/A","A/A","A/A","A/A","A/A","A/A","?/?","A/A","A/A","A/A","A/A","A/A","A/A","A/A","G/G","A/A","A/A","A/A","A/A","A/A","A/A","A/A","A/A","A/A","A/A","A/A","A/A","A/A","A/A","A/A","A/A","A/A","A/A","A/A","A/A","A/A","A/A","A/A","A/A","A/A","A/A","G/G","G/G","G/G","A/G","A/G","A/A","A/G","G/G","G/G","A/A","A/G","G/G","A/A","A/G","A/G","A/G","A/G","?/?","A/A","A/G","A/G","A/G","A/A","A/A","A/A","A/A","A/A","A/A","A/G","?/?","G/G","A/A","A/A","A/G","A/A","A/A","A/A","A/A","A/A","A/A","A/A","?/?","A/G","A/A","A/A","A/A","A/A","A/A","A/G","A/A","G/G","A/A","A/A","A/A","A/A","A/A","A/G","A/A","A/G","A/A","A/A","A/G","A/G","A/A","G/G","G/G","G/G","?/?","A/A","A/A","A/A","A/A","A/A","A/A","A/A","A/A","A/G","A/A","A/A","A/A","A/A","A/A","A/G","A/A","A/A","A/A","A/A","A/A","A/A","A/A","A/A","A/A","A/A","A/A","A/A","A/A","A/A","A/A","A/A","A/A","A/A","A/A","A/A","A/A","A/A","A/A","A/A","?/?","A/A","?/?","A/A","A/A","?/?","A/A","A/A","A/A","A/A","A/A","A/A","A/A","A/A","A/A","A/A","A/A","A/A","A/A","A/A","A/A","A/A","A/A","A/G","A/G","A/A","A/A","A/A","A/A","A/A","A/A","A/A","A/A","A/A","A/A","A/A","A/A","A/A","A/A","A/A","A/A","A/A","A/A","A/A","?/?","A/A","A/A","A/A","?/?","A/G","A/A","A/A","A/A","A/A","A/A","A/A","A/A","A/A","A/A","A/G","A/A","A/A","A/A","A/G","A/A","A/A","A/A","A/A","A/G","A/A","A/A","A/A","A/G","A/A","A/A","A/G","A/A","A/A","A/A","A/A","A/A","A/A","A/A","A/A","A/A","A/G","A/A","A/A","A/A","A/A","A/A","A/A","A/A","A/A","A/A","A/A","A/A","A/A","A/A","A/A","A/A","A/A","A/A","G/G","G/G","G/G","G/G","G/G","G/G","G/G","G/G","G/G","A/A","?/?","A/A","A/A","A/A","A/A","A/G","A/A","A/A","A/A","A/A","A/A","A/A","A/A","A/A","A/A","A/A","A/A","A/A","A/A","A/A","A/A","A/A","A/A","A/A","A/G","A/G","A/A","A/A","A/A","A/A","A/G","A/A","A/G","A/G","A/A","A/A","A/A","A/A","A/A","A/G","A/A","A/A","A/G","A/A","A/A","A/A","A/A","A/A","A/A","A/A","A/A","A/A","A/A","A/A","A/A","?/?","A/A","A/A","A/A","G/G","A/A","A/A","A/A","A/A","A/A","A/A","A/A","A/A","A/A","A/A","A/A","A/A","A/G","A/A","A/A","A/G","A/A","A/A","A/A","A/A","A/A","A/G","A/A","A/A","A/A","A/A","G/G","A/A","A/A","A/A","A/G","A/A","A/A","G/G","A/A","A/G","A/G","A/A","A/A","A/A","A/G","G/G","G/G","G/G","G/G","G/G","G/G","G/G","G/G","G/G","G/G","G/G","G/G","G/G","G/G","G/G","G/G","G/G","G/G","G/G","A/A","A/A","G/G","G/G","G/G","G/G","G/G","G/G","A/A","A/A","G/G","G/G","G/G","G/G","G/G","G/G","A/A","A/A","G/G","A/A","G/G","A/A","A/A","G/G","G/G","A/A","?/?","A/A","G/G","G/G","G/G","A/A","G/G","G/G","G/G","G/G","?/?","A/A","A/A","A/A","A/A","A/A","A/A","G/G","A/A","A/A","G/G","A/A","A/A","G/G","G/G","G/G","G/G","G/G","A/A","A/A","?/?"
"63","PZB00062.6",6132,"7","145056736","","","PZB00062","AI881573","AI881573","candidate",8197,11458,1,1,1,"C/C","A/C","C/C","A/C","C/C","C/C","C/C","C/C","A/C","C/C","A/C","C/C","A/C","C/C","C/C","C/C","C/C","C/C","C/C","C/C","C/C","C/C","C/C","C/C","C/C","C/C","C/C","C/C","C/C","C/C","C/C","C/C","A/C","C/C","C/C","C/C","C/C","C/C","C/C","A/C","C/C","A/C","C/C","C/C","C/C","C/C","C/C","C/C","A/C","C/C","C/C","C/C","C/C","C/C","C/C","C/C","A/C","C/C","C/C","C/C","C/C","A/C","C/C","A/C","C/C","C/C","C/C","C/C","C/C","C/C","C/C","A/C","C/C","C/C","C/C","C/C","C/C","C/C","C/C","C/C","C/C","C/C","C/C","C/C","C/C","C/C","C/C","C/C","C/C","C/C","C/C","C/C","C/C","C/C","C/C","C/C","A/C","C/C","C/C","C/C","C/C","C/C","C/C","A/C","C/C","C/C","C/C","C/C","C/C","C/C","C/C","?/?","C/C","C/C","C/C","C/C","C/C","C/C","A/C","C/C","A/C","C/C","C/C","C/C","?/?","C/C","C/C","C/C","C/C","C/C","C/C","C/C","C/C","C/C","A/C","C/C","C/C","C/C","C/C","A/C","C/C","C/C","C/C","C/C","C/C","A/C","C/C","C/C","C/C","A/C","C/C","C/C","A/A","A/C","C/C","A/C","C/C","A/C","C/C","C/C","A/C","C/C","C/C","C/C","C/C","A/C","C/C","C/C","A/C","C/C","C/C","C/C","C/C","A/A","C/C","A/A","C/C","A/A","C/C","C/C","A/C","?/?","?/?","A/C","C/C","C/C","C/C","A/C","A/C","A/C","A/C","C/C","A/C","C/C","C/C","C/C","C/C","C/C","C/C","?/?","A/C","C/C","A/C","C/C","C/C","C/C","C/C","C/C","C/C","C/C","C/C","A/C","A/C","C/C","C/C","C/C","A/C","C/C","A/C","C/C","C/C","C/C","C/C","C/C","A/A","C/C","C/C","A/C","C/C","C/C","C/C","C/C","C/C","C/C","C/C","C/C","C/C","A/C","C/C","C/C","C/C","C/C","C/C","C/C","C/C","C/C","C/C","C/C","C/C","C/C","C/C","?/?","C/C","C/C","C/C","A/C","C/C","C/C","C/C","C/C","C/C","C/C","C/C","C/C","C/C","C/C","C/C","C/C","C/C","C/C","C/C","C/C","C/C","A/C","C/C","C/C","A/C","C/C","C/C","C/C","C/C","A/C","A/C","C/C","C/C","C/C","C/C","C/C","C/C","C/C","C/C","C/C","C/C","A/C","C/C","C/C","C/C","C/C","C/C","C/C","C/C","A/C","C/C","C/C","C/C","C/C","C/C","?/?","C/C","C/C","A/C","C/C","A/C","C/C","C/C","C/C","A/A","C/C","C/C","C/C","C/C","C/C","C/C","C/C","C/C","A/C","C/C","C/C","C/C","C/C","C/C","C/C","C/C","C/C","C/C","C/C","?/?","C/C","A/C","C/C","C/C","C/C","C/C","A/C","A/C","?/?","C/C","A/C","C/C","A/C","C/C","C/C","A/C","C/C","C/C","C/C","C/C","C/C","C/C","C/C","C/C","?/?","C/C","C/C","C/C","C/C","C/C","C/C","C/C","C/C","C/C","C/C","C/C","C/C","C/C","C/C","C/C","C/C","C/C","C/C","C/C","C/C","C/C","C/C","C/C","A/C","C/C","C/C","C/C","C/C","C/C","C/C","C/C","C/C","C/C","A/C","C/C","C/C","C/C","C/C","C/C","C/C","A/C","C/C","C/C","C/C","C/C","A/C","C/C","C/C","C/C","C/C","C/C","C/C","C/C","C/C","C/C","A/C","C/C","C/C","C/C","C/C","A/C","A/C","C/C","C/C","C/C","C/C","C/C","C/C","A/C","C/C","C/C","C/C","C/C","C/C","C/C","C/C","C/C","C/C","C/C","C/C","A/C","C/C","C/C","C/C","C/C","C/C","C/C","A/C","C/C","C/C","A/C","C/C","C/C","A/C","C/C","C/C","C/C","C/C","C/C","C/C","C/C","C/C","C/C","C/C","?/?","C/C","C/C","C/C","C/C","A/C","C/C","C/C","C/C","C/C","C/C","A/C","C/C","C/C","C/C","C/C","C/C","C/C","C/C","A/C","C/C","C/C","C/C","C/C","C/C","C/C","C/C","C/C","C/C","C/C","C/C","C/C","C/C","C/C","C/C","C/C","C/C","C/C","C/C","C/C","C/C","C/C","C/C","C/C","C/C","C/C","C/C","C/C","C/C","A/C","C/C","C/C","C/C","C/C","C/C","C/C","C/C","C/C","C/C","C/C","C/C","C/C","C/C","C/C","C/C","C/C","C/C","C/C","A/C","C/C","C/C","C/C","A/C","C/C","C/C","C/C","C/C","C/C","C/C","C/C","C/C","C/C","C/C","C/C","C/C","C/C","C/C","C/C","C/C","C/C","C/C","C/C","C/C","C/C","C/C","C/C","C/C","C/C","C/C","C/C","C/C","C/C","C/C","C/C","C/C","C/C","C/C","C/C","C/C","C/C","C/C","C/C","A/C","A/A","A/A","A/C","A/C","C/C","A/C","A/C","C/C","C/C","A/C","A/A","C/C","?/?","A/C","A/C","A/C","C/C","C/C","A/C","A/C","A/C","C/C","C/C","C/C","C/C","C/C","C/C","A/C","C/C","A/A","C/C","C/C","A/A","C/C","C/C","C/C","C/C","C/C","C/C","C/C","?/?","A/C","C/C","C/C","C/C","C/C","C/C","?/?","C/C","A/A","C/C","C/C","C/C","C/C","C/C","A/C","C/C","A/C","C/C","C/C","A/C","A/C","C/C","C/C","C/C","C/C","?/?","C/C","C/C","C/C","C/C","C/C","C/C","C/C","C/C","A/C","C/C","C/C","C/C","C/C","C/C","C/C","C/C","C/C","C/C","C/C","C/C","C/C","C/C","C/C","C/C","C/C","C/C","C/C","C/C","C/C","C/C","C/C","C/C","C/C","C/C","C/C","C/C","C/C","C/C","C/C","C/C","C/C","C/C","C/C","C/C","C/C","C/C","C/C","C/C","C/C","C/C","C/C","C/C","C/C","C/C","C/C","C/C","C/C","C/C","C/C","C/C","C/C","C/C","A/C","A/C","C/C","C/C","C/C","C/C","C/C","C/C","C/C","C/C","C/C","C/C","C/C","C/C","C/C","C/C","C/C","C/C","C/C","C/C","C/C","C/C","C/C","C/C","C/C","C/C","A/C","C/C","C/C","C/C","C/C","C/C","C/C","C/C","C/C","C/C","A/C","C/C","C/C","C/C","A/A","C/C","C/C","C/C","C/C","A/C","C/C","C/C","C/C","A/C","C/C","C/C","A/C","C/C","C/C","C/C","C/C","C/C","C/C","C/C","C/C","C/C","C/C","C/C","C/C","C/C","C/C","C/C","C/C","C/C","C/C","C/C","C/C","C/C","C/C","C/C","C/C","C/C","C/C","C/C","C/C","C/C","C/C","C/C","C/C","A/C","A/C","C/C","C/C","C/C","C/C","C/C","C/C","C/C","C/C","A/C","C/C","C/C","C/C","C/C","C/C","C/C","C/C","C/C","C/C","C/C","C/C","C/C","C/C","C/C","C/C","C/C","C/C","C/C","A/C","A/C","C/C","C/C","C/C","C/C","A/C","C/C","A/C","C/C","C/C","C/C","C/C","C/C","C/C","A/C","C/C","C/C","A/C","C/C","C/C","C/C","C/C","C/C","C/C","C/C","C/C","C/C","C/C","C/C","C/C","C/C","C/C","C/C","C/C","A/C","C/C","C/C","C/C","C/C","C/C","C/C","C/C","C/C","C/C","C/C","C/C","C/C","A/C","C/C","C/C","A/C","C/C","C/C","C/C","C/C","C/C","A/C","C/C","C/C","C/C","C/C","A/A","C/C","C/C","C/C","A/C","C/C","C/C","A/A","C/C","A/C","A/C","C/C","C/C","C/C","A/C","A/A","C/C","C/C","A/C","C/C","C/C","C/C","C/C","C/C","C/C","C/C","A/C","C/C","C/C","C/C","C/C","C/C","C/C","C/C","C/C","C/C","C/C","C/C","C/C","C/C","C/C","C/C","C/C","C/C","C/C","C/C","C/C","C/C","C/C","C/C","?/?","C/C","C/C","C/C","C/C","C/C","C/C","C/C","C/C","C/C","C/C","C/C","A/A","A/A","A/A","C/C","C/C","A/A","A/A","A/A","A/A","C/C","C/C","C/C","C/C","C/C","C/C","C/C","C/C","C/C","C/C","C/C","C/C","C/C","A/A","A/A","A/A","A/A","C/C","C/C","C/C"
"65","PZB00062.8",6134,"7","145056896","","","PZB00062","AI881573","AI881573","candidate",8199,11460,0,0,0,"?/?","C/T","T/T","C/T","T/T","?/?","T/T","T/T","C/T","T/T","T/T","T/T","C/T","T/T","?/?","?/?","T/T","T/T","T/T","T/T","T/T","?/?","T/T","T/T","T/T","T/T","T/T","T/T","T/T","T/T","T/T","T/T","T/T","T/T","T/T","T/T","T/T","T/T","?/?","T/T","T/T","C/T","T/T","T/T","T/T","T/T","T/T","T/T","C/T","T/T","T/T","T/T","T/T","T/T","T/T","T/T","T/T","T/T","T/T","?/?","T/T","C/T","T/T","C/T","T/T","T/T","?/?","T/T","T/T","T/T","T/T","T/T","T/T","T/T","T/T","T/T","T/T","T/T","T/T","T/T","T/T","T/T","T/T","T/T","T/T","T/T","T/T","T/T","C/T","T/T","T/T","T/T","T/T","T/T","T/T","T/T","C/T","T/T","T/T","T/T","T/T","T/T","T/T","C/T","T/T","T/T","C/T","T/T","T/T","T/T","T/T","T/T","T/T","T/T","T/T","T/T","T/T","?/?","C/T","T/T","C/T","T/T","T/T","T/T","C/T","T/T","T/T","T/T","T/T","T/T","T/T","T/T","T/T","T/T","C/T","T/T","T/T","T/T","T/T","C/T","T/T","T/T","T/T","T/T","T/T","C/T","?/?","T/T","?/?","C/T","T/T","T/T","C/C","C/T","T/T","C/T","T/T","C/T","T/T","T/T","C/T","T/T","T/T","T/T","T/T","C/T","T/T","T/T","C/T","T/T","T/T","T/T","T/T","C/C","T/T","C/T","T/T","C/C","T/T","T/T","C/T","C/T","C/T","C/T","T/T","T/T","T/T","C/T","C/T","C/T","T/T","?/?","C/T","T/T","?/?","T/T","T/T","T/T","T/T","T/T","C/T","T/T","C/T","T/T","T/T","T/T","T/T","T/T","T/T","T/T","T/T","C/T","C/T","T/T","T/T","T/T","C/T","T/T","C/T","T/T","?/?","T/T","T/T","T/T","C/T","T/T","T/T","C/T","T/T","T/T","T/T","T/T","T/T","T/T","T/T","?/?","T/T","C/T","T/T","T/T","T/T","T/T","T/T","T/T","T/T","T/T","T/T","T/T","T/T","T/T","T/T","C/C","T/T","T/T","T/T","C/T","T/T","T/T","T/T","T/T","T/T","T/T","T/T","T/T","T/T","T/T","T/T","T/T","T/T","T/T","T/T","T/T","T/T","C/C","C/T","T/T","C/T","T/T","T/T","T/T","T/T","C/T","C/T","T/T","T/T","T/T","T/T","?/?","T/T","T/T","C/T","T/T","T/T","C/T","T/T","T/T","T/T","T/T","T/T","T/T","T/T","C/T","T/T","T/T","T/T","T/T","T/T","T/T","T/T","T/T","C/T","T/T","C/T","T/T","T/T","T/T","C/C","T/T","T/T","T/T","T/T","T/T","C/T","T/T","T/T","C/T","T/T","T/T","T/T","T/T","T/T","T/T","T/T","T/T","T/T","T/T","C/T","T/T","C/T","T/T","T/T","T/T","T/T","C/T","C/T","T/T","T/T","C/T","T/T","C/T","T/T","T/T","C/T","T/T","T/T","T/T","?/?","T/T","T/T","T/T","T/T","C/C","T/T","T/T","T/T","T/T","T/T","T/T","T/T","T/T","C/T","T/T","T/T","T/T","T/T","T/T","T/T","T/T","T/T","T/T","T/T","T/T","?/?","?/?","T/T","C/T","T/T","T/T","T/T","T/T","T/T","T/T","T/T","T/T","?/?","C/T","T/T","T/T","T/T","T/T","T/T","T/T","C/T","?/?","T/T","T/T","T/T","C/T","T/T","T/T","T/T","T/T","T/T","T/T","T/T","T/T","T/T","C/T","T/T","T/T","T/T","T/T","C/T","?/?","T/T","T/T","T/T","T/T","T/T","T/T","C/T","T/T","T/T","T/T","T/T","T/T","T/T","T/T","T/T","T/T","T/T","T/T","C/T","T/T","T/T","T/T","T/T","T/T","T/T","C/T","T/T","T/T","C/T","T/T","T/T","C/T","T/T","T/T","T/T","T/T","?/?","T/T","T/T","T/T","T/T","T/T","C/C","T/T","T/T","T/T","T/T","C/T","T/T","T/T","T/T","T/T","T/T","C/T","T/T","T/T","T/T","T/T","T/T","T/T","T/T","C/T","T/T","T/T","T/T","T/T","T/T","T/T","T/T","T/T","T/T","T/T","T/T","T/T","T/T","T/T","T/T","T/T","T/T","T/T","T/T","T/T","T/T","T/T","T/T","C/T","T/T","T/T","T/T","T/T","T/T","C/T","T/T","T/T","T/T","T/T","T/T","T/T","T/T","T/T","T/T","T/T","T/T","T/T","?/?","T/T","T/T","T/T","T/T","T/T","C/T","T/T","?/?","T/T","T/T","T/T","T/T","T/T","T/T","T/T","T/T","T/T","T/T","T/T","T/T","T/T","T/T","T/T","?/?","T/T","T/T","T/T","T/T","T/T","T/T","T/T","T/T","T/T","T/T","T/T","T/T","T/T","T/T","T/T","T/T","T/T","T/T","T/T","T/T","T/T","T/T","T/T","T/T","T/T","C/T","C/C","C/C","C/T","C/T","T/T","C/T","C/T","T/T","T/T","C/T","C/C","T/T","C/T","C/T","C/T","C/T","C/C","T/T","C/T","C/T","C/T","T/T","T/T","T/T","T/T","T/T","T/T","C/T","C/T","C/C","T/T","T/T","C/T","T/T","T/T","T/T","T/T","T/T","T/T","?/?","?/?","C/T","T/T","T/T","T/T","T/T","T/T","C/T","T/T","C/C","T/T","T/T","T/T","T/T","T/T","C/T","T/T","C/T","T/T","T/T","C/T","C/T","T/T","T/T","T/T","T/T","C/C","T/T","T/T","T/T","T/T","T/T","T/T","T/T","T/T","C/T","T/T","T/T","T/T","T/T","T/T","?/?","T/T","T/T","T/T","T/T","T/T","T/T","T/T","T/T","T/T","T/T","T/T","T/T","T/T","T/T","T/T","T/T","T/T","T/T","T/T","T/T","T/T","T/T","?/?","T/T","C/T","T/T","?/?","T/T","T/T","T/T","T/T","T/T","T/T","T/T","T/T","T/T","T/T","T/T","T/T","T/T","T/T","T/T","T/T","T/T","T/T","T/T","T/T","C/T","C/T","T/T","T/T","T/T","T/T","T/T","T/T","T/T","T/T","T/T","T/T","T/T","T/T","T/T","T/T","T/T","T/T","T/T","T/T","T/T","?/?","T/T","T/T","T/T","T/T","C/T","T/T","T/T","T/T","T/T","T/T","T/T","T/T","T/T","T/T","C/T","T/T","T/T","T/T","C/T","T/T","T/T","T/T","T/T","C/T","T/T","T/T","T/T","C/T","T/T","T/T","C/T","T/T","C/T","T/T","T/T","T/T","T/T","T/T","T/T","T/T","T/T","T/T","T/T","T/T","T/T","T/T","T/T","T/T","?/?","T/T","T/T","?/?","T/T","T/T","T/T","T/T","T/T","T/T","T/T","T/T","T/T","T/T","T/T","C/T","C/T","T/T","T/T","?/?","?/?","T/T","T/T","T/T","T/T","C/T","T/T","T/T","T/T","T/T","T/T","T/T","T/T","?/?","T/T","T/T","T/T","T/T","T/T","T/T","T/T","T/T","T/T","T/T","C/T","C/T","T/T","T/T","T/T","T/T","C/T","T/T","C/T","C/T","T/T","T/T","T/T","T/T","T/T","C/T","T/T","T/T","C/T","T/T","T/T","T/T","T/T","T/T","T/T","T/T","T/T","T/T","T/T","T/T","T/T","?/?","T/T","T/T","T/T","C/C","?/?","T/T","T/T","T/T","T/T","T/T","T/T","T/T","T/T","T/T","T/T","T/T","C/T","T/T","T/T","C/T","T/T","T/T","T/T","T/T","T/T","C/T","T/T","T/T","T/T","T/T","C/C","T/T","T/T","T/T","C/T","T/T","T/T","C/C","T/T","C/T","C/T","T/T","T/T","T/T","C/T","C/C","T/T","T/T","C/T","T/T","T/T","T/T","T/T","T/T","T/T","T/T","C/T","T/T","T/T","T/T","?/?","?/?","T/T","T/T","T/T","T/T","T/T","T/T","T/T","T/T","T/T","T/T","T/T","T/T","T/T","T/T","T/T","T/T","T/T","T/T","?/?","T/T","?/?","T/T","?/?","T/T","T/T","T/T","C/T","?/?","?/?","T/T","C/C","C/C","C/C","T/T","?/?","C/C","C/C","C/C","C/C","?/?","T/T","T/T","T/T","?/?","T/T","?/?","?/?","T/T","?/?","C/T","T/T","?/?","C/C","C/C","C/C","C/C","?/?","T/T","?/?"
"43","PZA00614.12",4069,"7","145912535","","","PZA00614","AY106891","AY106891","random",7912,11011,1,1,1,"G/G","G/G","G/G","G/T","G/G","G/G","G/G","G/G","G/G","G/G","G/G","G/G","G/G","G/G","G/G","G/G","G/G","G/G","G/G","G/G","G/G","G/G","G/G","G/G","G/G","?/?","G/G","G/G","G/G","G/G","G/G","G/G","G/G","G/G","G/G","G/G","G/G","?/?","G/G","G/G","?/?","G/G","G/G","G/G","G/G","G/G","G/G","G/G","G/G","G/G","G/G","G/G","G/G","G/G","G/G","G/G","G/G","G/G","G/G","G/G","?/?","G/G","G/G","G/G","G/G","G/G","G/T","G/G","G/G","G/G","G/G","G/T","G/G","G/G","G/G","G/G","G/G","?/?","G/G","G/G","G/G","G/G","G/G","?/?","G/G","?/?","G/G","G/G","G/G","G/G","G/G","G/G","?/?","G/G","G/G","G/G","G/G","G/G","G/G","G/G","G/T","G/G","?/?","G/G","G/G","G/G","G/T","G/G","G/G","G/G","G/T","G/G","G/G","G/G","G/G","G/T","G/T","G/G","G/G","G/G","G/G","G/G","T/T","G/T","G/T","G/T","G/G","G/G","G/T","G/T","G/G","G/G","G/G","T/T","G/G","G/T","G/G","G/G","G/G","G/T","G/T","G/G","G/T","T/T","G/G","G/T","G/G","T/T","G/T","G/G","G/G","G/G","G/G","G/T","T/T","G/T","G/T","G/T","G/T","G/G","G/T","G/G","G/G","G/G","G/G","G/G","G/G","G/G","G/T","G/T","G/G","G/G","G/G","T/T","G/G","G/G","G/G","G/G","G/G","G/T","G/G","T/T","G/G","G/G","?/?","G/G","?/?","G/G","G/T","G/G","G/G","G/G","G/G","G/G","G/G","G/G","G/G","G/G","G/T","G/G","G/G","?/?","G/G","G/G","G/G","G/G","G/G","G/G","G/G","G/G","G/G","G/G","G/G","G/G","G/G","G/G","G/T","G/T","G/T","G/G","G/G","G/T","G/G","G/G","G/G","G/G","G/G","G/G","G/G","G/G","G/G","G/G","G/G","G/G","G/G","G/G","G/G","G/G","G/G","G/G","G/G","G/G","G/G","G/G","?/?","G/G","G/G","?/?","?/?","G/G","?/?","G/G","G/G","G/G","G/G","G/T","G/G","G/G","G/G","G/G","G/G","G/G","G/G","G/G","G/G","G/G","G/G","G/G","G/G","G/G","G/G","G/G","G/G","G/T","G/G","G/G","G/T","?/?","G/G","G/G","G/G","G/G","G/G","G/G","G/G","?/?","G/G","G/G","G/G","G/G","G/G","G/G","G/G","G/G","G/G","G/T","G/G","G/G","G/G","G/G","?/?","G/G","G/G","G/T","G/G","G/G","?/?","G/G","G/T","G/G","G/G","G/G","G/G","G/G","G/G","G/G","G/G","G/G","G/G","G/G","G/G","G/G","G/G","G/G","?/?","G/G","G/G","?/?","G/G","G/G","G/G","G/G","G/G","G/G","G/G","G/G","G/G","G/G","G/G","G/G","G/G","G/G","G/G","G/G","G/G","G/G","G/G","G/G","G/G","G/G","G/G","G/G","?/?","G/G","G/G","?/?","G/G","G/G","G/G","G/G","G/G","G/G","G/G","G/G","G/G","G/G","G/G","G/G","G/G","?/?","G/G","G/G","G/G","G/G","G/G","G/G","G/G","G/G","G/G","G/G","G/G","G/G","G/G","G/G","G/G","G/G","?/?","G/G","G/G","G/T","G/G","G/T","G/G","G/G","G/G","G/G","G/G","G/G","G/G","G/G","G/G","G/G","G/G","G/G","?/?","G/G","G/G","G/G","G/G","G/G","G/G","G/G","G/T","G/G","G/G","G/G","G/G","G/G","G/G","G/G","?/?","G/G","G/G","?/?","G/G","G/T","T/T","G/G","G/G","G/G","G/G","G/G","G/G","G/G","G/G","G/G","G/T","G/G","G/G","G/G","G/G","G/G","G/G","?/?","G/T","T/T","G/G","?/?","G/T","G/G","G/G","G/G","G/G","G/G","G/G","G/T","G/T","G/T","?/?","G/G","G/G","G/G","G/G","G/G","G/G","G/G","G/G","G/G","G/G","G/G","G/G","G/G","G/G","G/G","G/G","G/G","G/G","G/G","G/G","G/G","G/G","G/G","G/G","G/G","G/G","G/G","G/G","G/G","G/G","?/?","G/G","G/G","G/G","G/G","G/G","G/G","G/G","G/G","G/G","G/G","G/G","G/G","G/G","G/G","G/G","G/G","G/G","G/G","?/?","G/G","G/G","G/G","G/G","G/G","G/G","G/G","G/G","G/G","G/G","?/?","G/G","G/G","G/G","G/G","G/G","G/G","G/G","G/G","G/G","G/G","G/G","G/G","G/G","G/G","G/G","G/G","?/?","G/G","G/G","G/G","G/G","G/G","G/G","G/G","G/G","G/G","G/G","G/G","?/?","G/G","G/G","G/G","G/G","G/G","G/G","G/G","?/?","G/G","G/G","G/G","G/G","G/G","?/?","G/G","?/?","G/G","G/G","G/G","G/G","G/G","?/?","G/G","?/?","?/?","?/?","G/G","?/?","G/G","G/G","G/G","G/G","G/G","G/G","G/G","G/G","G/G","G/G","?/?","G/G","?/?","?/?","G/G","G/G","G/G","G/G","G/G","G/G","G/G","G/G","G/G","G/G","G/G","G/G","?/?","G/G","G/G","G/G","G/G","G/G","G/G","?/?","G/G","G/G","G/G","G/G","G/G","G/G","G/G","G/T","G/G","G/T","G/G","G/G","G/G","G/G","G/G","G/G","G/G","G/T","G/G","G/G","G/G","G/T","G/G","G/G","G/G","?/?","G/G","G/G","G/T","G/G","G/G","G/G","G/G","G/G","G/G","G/G","G/G","G/G","?/?","T/T","G/G","G/G","G/G","G/G","?/?","G/G","G/G","G/G","G/G","G/G","?/?","G/G","G/G","?/?","G/G","G/G","G/G","G/G","G/G","G/G","G/G","G/G","G/G","G/G","G/G","G/G","G/G","?/?","G/G","G/G","G/G","G/G","G/G","G/G","G/G","G/G","G/G","G/G","G/G","G/G","G/G","G/G","G/G","G/G","G/G","G/G","G/G","G/T","G/G","G/G","G/G","G/G","G/G","G/G","G/G","G/G","G/G","G/G","G/G","?/?","G/G","G/G","G/G","G/G","G/G","G/G","G/G","?/?","G/G","G/G","G/G","G/G","G/G","G/G","G/G","G/G","G/T","G/G","G/G","G/G","G/G","G/G","G/G","G/G","?/?","G/G","G/G","G/G","G/G","G/G","G/G","?/?","G/G","G/G","G/G","G/G","G/G","G/G","G/G","G/G","G/G","G/G","G/G","G/G","G/G","G/G","G/G","G/G","G/G","?/?","G/G","G/G","G/G","?/?","G/G","G/T","G/G","?/?","G/G","?/?","G/G","G/G","G/G","G/G","G/G","G/G","G/G","G/G","G/G","G/G","G/G","G/G","?/?","G/G","G/G","G/G","G/G","G/G","G/G","G/G","G/G","G/G","G/G","G/G","G/G","G/G","G/G","G/G","G/G","G/T","?/?","G/T","G/G","G/G","G/G","G/G","G/G","G/G","G/G","G/T","G/T","G/G","G/G","G/G","G/G","G/T","G/G","G/G","?/?","G/G","G/G","G/G","G/G","G/G","G/G","G/G","G/T","G/G","G/G","G/G","G/G","G/T","G/G","G/G","?/?","G/G","G/G","G/G","G/G","G/G","?/?","G/G","G/G","G/G","G/T","G/G","G/G","G/G","?/?","?/?","G/G","?/?","G/G","G/G","G/G","G/G","?/?","T/T","G/G","G/G","G/G","G/G","G/G","G/G","G/G","G/G","G/G","G/G","G/G","G/G","G/T","G/G","G/G","G/G","G/G","G/G","G/G","G/G","G/G","G/G","G/G","G/G","G/G","G/G","G/G","G/G","G/G","G/G","G/G","G/G","?/?","G/G","?/?","G/G","G/G","G/G","G/G","G/G","G/G","G/G","G/G","G/G","G/G","G/G","G/G","G/G","G/G","G/G","G/G","G/G","G/G","G/G","G/G","G/G","G/G","G/G","G/G","G/G","G/G","G/G","G/G","G/G","G/G","G/G","G/G","G/G","G/G","G/G","G/G","G/G","G/G","G/G","G/G","G/G","G/G","G/G","G/G","G/G","G/G","G/G","G/G","T/T","T/T","T/T","T/T","G/G","G/G","G/G","G/G","G/G","G/G","G/G","G/G","G/G","G/G","G/G","G/G","G/G","G/G","G/G","G/G","G/G","G/G","?/?","G/G","G/G","G/G","T/T","T/T","G/G","G/G","G/G","G/G","G/G"
"27","PZA00350.2",3846,"7","147187128","","","PZA00350","AY108268","AY108268","random",7789,10775,1,1,1,"?/?","T/T","C/C","?/?","T/T","C/T","C/T","T/T","T/T","C/C","C/C","C/C","C/C","T/T","C/T","C/C","C/C","C/C","C/T","C/T","T/T","T/T","T/T","T/T","T/T","C/C","C/T","C/T","T/T","C/C","T/T","C/T","C/T","C/T","C/C","C/C","C/C","C/T","C/T","C/C","C/C","C/T","T/T","T/T","T/T","C/T","C/T","C/T","C/C","C/T","T/T","T/T","T/T","T/T","C/T","C/T","C/T","C/C","C/T","C/T","T/T","C/T","T/T","T/T","C/C","T/T","C/T","C/T","C/C","C/T","C/C","T/T","C/C","C/T","C/C","T/T","C/T","C/T","C/T","C/T","C/C","C/T","C/C","C/C","C/C","C/T","C/T","T/T","T/T","T/T","C/T","T/T","T/T","C/T","T/T","C/C","C/T","C/C","T/T","T/T","C/T","T/T","T/T","C/C","T/T","T/T","T/T","C/C","T/T","C/T","C/T","T/T","C/C","T/T","T/T","T/T","C/T","C/T","T/T","T/T","C/T","C/C","C/C","C/T","?/?","C/T","?/?","C/C","C/C","C/C","T/T","T/T","T/T","C/C","?/?","C/T","C/C","T/T","T/T","C/T","?/?","T/T","C/T","C/C","T/T","C/T","T/T","C/C","C/C","T/T","T/T","T/T","T/T","?/?","C/C","?/?","C/T","?/?","C/T","T/T","?/?","T/T","C/C","T/T","T/T","C/T","C/C","T/T","C/T","C/T","C/C","C/C","T/T","C/C","C/T","T/T","T/T","T/T","T/T","T/T","C/T","T/T","T/T","C/T","C/T","C/C","C/C","C/T","T/T","T/T","C/C","T/T","T/T","C/T","?/?","C/C","C/T","T/T","C/C","T/T","T/T","C/T","C/T","C/T","C/C","C/T","C/C","C/T","C/T","T/T","T/T","T/T","T/T","C/T","C/T","?/?","T/T","T/T","C/T","C/T","C/C","C/T","C/T","C/T","T/T","C/T","T/T","C/T","C/T","C/C","C/C","C/T","C/T","C/C","C/T","C/T","C/T","T/T","C/T","C/T","C/C","C/C","C/C","C/C","C/T","C/T","C/C","T/T","C/T","T/T","C/T","?/?","C/T","C/C","C/C","C/T","C/T","T/T","C/T","C/C","C/C","C/T","T/T","C/T","C/T","C/C","C/T","C/C","C/T","T/T","C/C","C/T","C/T","T/T","C/T","C/T","C/T","C/C","C/T","C/T","C/T","T/T","C/T","C/C","C/C","C/T","C/C","C/T","C/T","C/T","T/T","C/C","T/T","C/C","T/T","C/T","C/T","C/C","C/T","C/C","C/T","C/T","C/C","C/T","C/C","C/T","T/T","C/T","C/C","C/C","C/C","C/C","C/T","C/T","C/T","T/T","T/T","C/T","T/T","C/T","C/T","T/T","C/T","C/C","C/C","C/T","C/C","T/T","C/C","?/?","C/C","C/T","C/C","C/C","C/C","C/C","C/C","C/C","C/C","C/T","C/C","C/T","C/T","C/T","C/C","C/C","C/C","C/T","C/T","C/C","T/T","C/T","C/T","C/T","C/C","T/T","C/T","C/T","C/T","C/T","C/C","?/?","C/T","T/T","C/C","C/T","T/T","C/T","C/C","C/C","C/C","C/T","C/T","C/T","C/C","C/C","C/T","C/T","C/C","C/C","C/C","C/C","C/C","T/T","C/T","T/T","C/T","C/T","T/T","C/T","C/T","C/C","C/T","C/T","C/T","?/?","C/C","C/T","C/C","C/C","C/C","C/C","C/T","T/T","C/C","C/T","C/C","C/T","C/T","C/T","C/T","C/T","C/C","C/T","C/T","C/C","C/C","C/C","C/T","C/T","C/T","?/?","T/T","T/T","C/C","C/C","C/T","C/T","T/T","T/T","C/T","C/C","T/T","T/T","C/T","C/T","C/C","T/T","C/T","C/C","T/T","T/T","C/T","T/T","C/T","C/T","C/T","C/T","C/T","C/T","T/T","C/T","C/T","C/T","C/T","C/C","C/C","T/T","T/T","C/C","C/T","C/T","C/C","C/C","C/T","C/C","?/?","C/C","C/C","C/T","C/C","C/C","C/T","C/C","C/C","T/T","C/C","T/T","C/C","?/?","C/C","C/C","C/T","C/T","C/C","T/T","C/T","?/?","C/T","C/T","C/T","C/T","T/T","T/T","C/T","C/T","C/T","T/T","T/T","C/T","C/T","C/T","C/T","C/C","T/T","C/T","C/C","C/T","C/C","C/T","C/T","T/T","T/T","C/T","T/T","C/C","T/T","C/T","C/C","C/C","C/C","T/T","C/C","C/C","T/T","T/T","T/T","C/T","T/T","T/T","T/T","C/T","T/T","C/T","C/T","T/T","C/T","T/T","C/T","T/T","T/T","C/T","T/T","C/C","C/T","T/T","C/T","T/T","C/T","T/T","C/T","T/T","C/C","T/T","T/T","C/T","C/T","T/T","T/T","T/T","T/T","T/T","T/T","T/T","C/T","C/C","C/T","T/T","T/T","C/T","C/T","T/T","T/T","T/T","T/T","T/T","C/T","T/T","T/T","C/T","C/C","C/C","C/T","C/C","C/T","C/C","T/T","T/T","C/T","T/T","T/T","C/T","T/T","C/T","T/T","C/T","T/T","T/T","C/T","C/T","C/T","C/T","T/T","C/C","T/T","C/T","C/T","C/T","C/T","T/T","T/T","T/T","C/T","C/C","C/T","C/T","C/T","T/T","C/T","C/C","T/T","C/T","C/T","C/C","C/T","T/T","C/T","C/T","T/T","C/T","T/T","C/T","?/?","T/T","T/T","C/T","T/T","C/T","T/T","T/T","T/T","C/C","C/T","C/T","C/C","C/C","T/T","C/C","C/T","T/T","T/T","C/C","C/C","C/T","T/T","C/T","T/T","C/C","C/T","C/T","T/T","C/C","C/C","C/C","C/C","C/T","C/T","C/C","C/C","T/T","C/C","C/T","C/T","C/C","T/T","T/T","C/C","T/T","C/T","T/T","C/C","C/C","C/C","C/C","?/?","C/C","C/T","C/C","C/T","C/T","C/C","T/T","C/C","C/T","T/T","C/C","C/T","C/C","C/T","T/T","C/C","C/T","C/T","C/T","T/T","C/T","C/C","C/C","T/T","C/T","T/T","C/C","C/T","C/T","C/T","C/C","C/C","C/T","C/T","C/T","C/C","C/T","C/C","T/T","C/C","C/T","C/C","C/C","T/T","C/C","C/C","C/T","C/T","C/T","C/T","T/T","T/T","T/T","C/T","C/C","C/T","T/T","C/C","C/C","C/T","T/T","C/C","C/T","T/T","C/T","C/T","T/T","T/T","T/T","C/C","T/T","T/T","C/T","T/T","C/C","T/T","C/T","T/T","C/T","C/C","C/C","T/T","C/T","C/T","C/C","C/T","C/T","C/T","C/C","C/T","C/C","T/T","T/T","T/T","T/T","C/T","C/T","C/T","C/C","C/C","C/C","C/T","C/T","C/T","C/T","C/C","C/T","T/T","C/T","T/T","C/C","T/T","?/?","C/T","C/T","C/T","C/T","T/T","T/T","T/T","C/T","C/C","C/C","C/T","C/T","T/T","C/T","C/C","T/T","C/C","C/C","T/T","C/C","C/C","C/C","C/T","C/T","C/C","C/C","C/C","C/T","C/C","T/T","C/T","C/C","T/T","T/T","C/C","C/T","C/T","T/T","T/T","C/T","C/T","C/T","C/T","C/C","T/T","C/T","C/T","C/T","C/T","T/T","C/C","C/T","C/T","T/T","C/T","C/T","C/T","C/C","C/T","T/T","C/C","C/T","T/T","T/T","T/T","T/T","C/T","C/C","C/T","C/C","T/T","C/T","C/C","C/T","C/T","T/T","T/T","T/T","T/T","T/T","T/T","T/T","T/T","C/T","T/T","C/T","C/T","T/T","T/T","T/T","T/T","T/T","T/T","T/T","T/T","T/T","T/T","T/T","T/T","C/T","T/T","T/T","T/T","T/T","T/T","C/C","T/T","T/T","C/T","T/T","T/T","T/T","C/C","C/T","T/T","C/C","T/T","C/T","C/C","C/T","T/T","C/C","C/C","C/T","T/T","T/T","T/T","T/T","C/T","C/T","?/?","C/C","?/?","C/C","T/T","C/T","C/C","C/C","C/C","C/C","C/C","?/?","C/C","C/C","C/C","C/C","T/T","?/?","?/?","T/T","T/T","T/T","T/T","T/T","T/T","T/T","T/T","T/T","T/T","T/T","C/C","?/?","T/T","T/T","C/C","C/C","C/C","T/T","T/T","T/T","T/T","T/T","C/C","C/C","C/C","C/C","C/C"
"51","PZA02959.7",4296,"7","151622827","","","PZA02959","AY104484","AY104484","random",8037,11230,1,1,1,"A/A","A/G","A/A","A/G","A/A","G/G","A/G","A/G","A/G","A/A","G/G","G/G","A/G","A/G","A/G","A/A","A/A","A/A","A/A","G/G","G/G","G/G","G/G","G/G","?/?","G/G","A/A","A/G","G/G","A/A","A/A","A/G","G/G","G/G","A/A","A/A","A/A","G/G","A/A","A/A","A/G","G/G","A/A","G/G","A/A","G/G","A/A","A/G","A/A","A/A","G/G","A/A","A/A","A/A","A/A","G/G","A/A","A/A","A/A","?/?","G/G","A/G","A/A","G/G","?/?","G/G","A/G","A/A","A/G","A/G","G/G","A/A","A/A","?/?","A/G","G/G","?/?","A/G","A/G","A/G","G/G","A/G","A/A","A/G","A/G","A/A","A/G","G/G","A/G","A/G","A/A","A/G","A/A","A/G","G/G","A/A","A/A","A/A","?/?","A/G","A/G","A/G","A/A","A/A","A/A","A/A","G/G","A/A","A/G","G/G","A/G","A/A","G/G","A/A","G/G","A/G","A/G","?/?","A/G","A/G","G/G","G/G","A/A","A/G","A/G","A/A","A/A","G/G","?/?","A/A","A/A","A/G","G/G","A/A","A/A","A/G","G/G","A/G","A/G","A/G","A/G","A/G","A/G","A/A","G/G","A/G","A/G","A/A","A/G","A/A","A/G","A/G","A/A","A/G","A/A","A/G","A/A","A/G","A/G","A/A","A/G","G/G","A/G","A/A","A/A","A/A","G/G","A/A","A/G","A/G","G/G","G/G","A/A","G/G","A/A","A/G","G/G","A/A","A/A","A/A","A/G","A/A","A/G","A/G","A/A","A/G","A/A","A/G","A/A","A/A","G/G","G/G","A/G","G/G","A/G","A/G","A/G","A/G","A/A","A/G","A/G","G/G","A/A","A/G","A/A","A/G","A/A","G/G","G/G","A/A","G/G","A/A","G/G","G/G","A/G","A/A","A/A","A/A","A/A","A/G","A/G","A/A","A/A","A/A","A/G","A/A","A/A","A/G","A/A","A/G","G/G","G/G","G/G","A/G","A/A","A/G","A/A","A/A","A/G","G/G","A/A","G/G","A/A","A/A","A/A","A/G","A/A","A/A","A/A","A/A","G/G","A/G","A/G","A/G","A/G","G/G","A/G","A/A","?/?","G/G","A/G","A/G","A/G","A/A","A/A","G/G","A/A","G/G","A/A","G/G","A/G","G/G","A/G","?/?","A/G","?/?","A/G","A/A","A/A","A/A","A/G","A/G","A/G","A/A","A/A","A/G","A/A","G/G","A/G","G/G","A/G","A/A","A/G","A/A","A/G","A/G","A/G","A/A","A/G","A/G","A/G","G/G","A/A","A/G","A/G","A/G","G/G","A/G","A/G","G/G","A/G","A/G","G/G","A/A","A/A","G/G","A/A","A/G","G/G","A/A","A/A","A/A","G/G","A/G","A/G","A/G","A/A","G/G","A/A","A/A","A/G","?/?","A/A","A/G","A/A","A/G","A/A","A/A","A/A","A/A","A/A","A/A","A/G","A/A","A/G","A/A","A/G","G/G","A/G","A/G","A/G","A/A","A/A","A/A","A/A","A/A","A/A","A/G","A/G","A/G","A/A","?/?","A/G","A/A","G/G","A/A","A/A","A/G","A/G","A/A","A/G","A/A","G/G","A/G","A/A","A/A","A/G","A/G","A/A","A/G","A/A","G/G","A/A","A/A","A/A","A/A","G/G","A/G","A/A","G/G","A/G","A/A","A/G","A/A","A/G","G/G","A/G","A/A","A/G","G/G","A/G","A/G","A/G","A/A","G/G","G/G","A/G","A/G","G/G","A/G","A/G","A/G","A/A","G/G","A/G","A/G","A/A","A/G","A/G","A/G","A/A","A/G","G/G","G/G","A/G","A/A","A/A","A/A","A/G","G/G","G/G","A/G","G/G","A/G","G/G","A/G","A/A","G/G","A/G","A/A","A/A","A/A","A/G","G/G","A/G","A/A","G/G","A/G","G/G","A/G","G/G","A/A","A/G","G/G","A/G","G/G","G/G","A/G","G/G","A/G","A/G","A/G","A/G","A/A","A/A","A/G","?/?","A/G","A/A","G/G","A/A","A/G","A/G","A/G","A/G","A/A","A/G","A/A","G/G","A/G","A/G","A/A","A/G","A/G","A/G","A/G","A/G","A/A","A/A","A/A","A/A","G/G","A/A","G/G","G/G","G/G","A/G","A/A","A/G","G/G","G/G","A/G","A/G","G/G","A/A","A/G","G/G","A/A","A/A","A/G","A/A","A/A","A/A","A/G","A/G","G/G","A/G","G/G","A/A","A/G","A/G","A/G","A/G","G/G","A/A","A/A","A/A","A/A","A/A","A/G","A/A","A/A","A/A","A/G","A/G","A/A","A/G","A/G","A/A","A/G","A/A","A/A","G/G","A/A","A/A","A/A","A/G","A/A","A/A","A/A","A/G","A/A","A/G","A/G","A/G","A/G","G/G","A/G","A/A","A/A","A/A","A/G","G/G","G/G","G/G","A/G","G/G","A/A","A/G","G/G","G/G","G/G","A/G","G/G","A/A","A/A","A/G","A/A","A/G","A/A","A/G","A/A","G/G","?/?","A/G","A/A","A/A","A/A","A/A","A/G","G/G","A/G","A/A","A/A","G/G","A/G","A/G","G/G","A/A","A/G","A/A","A/A","A/A","A/A","A/A","A/A","A/G","A/A","A/A","A/A","A/A","A/A","A/G","A/A","A/G","A/A","A/G","A/G","A/A","A/A","A/A","A/A","A/A","A/G","A/G","A/G","?/?","A/A","A/A","A/G","G/G","A/A","A/G","G/G","A/A","G/G","A/G","G/G","A/A","A/G","A/G","A/G","G/G","A/G","A/G","A/A","A/G","A/A","A/A","A/A","A/A","A/A","A/G","A/A","A/A","A/G","A/G","G/G","G/G","A/A","A/A","A/A","A/A","G/G","G/G","A/G","A/G","A/A","A/A","A/G","A/G","A/G","A/A","A/G","A/A","A/A","A/A","A/G","A/A","G/G","A/A","G/G","A/A","G/G","A/A","G/G","A/A","G/G","?/?","A/A","G/G","A/G","G/G","A/A","A/A","A/A","A/G","A/A","A/A","A/A","A/G","A/G","A/G","A/G","A/A","A/G","A/A","A/A","A/G","A/G","A/A","A/A","A/A","A/G","A/G","A/G","A/A","A/G","A/A","A/G","A/A","A/A","A/A","A/A","A/A","A/A","A/A","A/G","A/A","A/A","A/A","A/A","A/A","A/A","A/G","A/G","G/G","G/G","G/G","A/G","A/A","?/?","A/A","A/G","A/A","A/A","G/G","A/G","G/G","A/A","A/G","A/G","A/A","A/G","G/G","A/G","A/G","A/G","A/G","A/A","A/G","A/A","A/A","G/G","A/G","A/G","A/G","A/G","G/G","A/A","G/G","A/G","?/?","A/A","G/G","?/?","G/G","A/A","A/A","A/G","G/G","A/A","G/G","A/G","A/A","A/A","A/A","A/G","G/G","A/A","G/G","A/A","A/G","A/G","G/G","G/G","A/G","A/A","A/A","?/?","G/G","G/G","A/G","G/G","A/A","A/G","A/A","G/G","G/G","?/?","G/G","G/G","A/G","A/G","A/A","A/A","G/G","G/G","G/G","A/G","A/A","A/A","?/?","G/G","G/G","G/G","G/G","A/A","G/G","G/G","A/G","G/G","G/G","G/G","A/G","G/G","G/G","G/G","A/A","G/G","G/G","A/G","G/G","A/A","A/G","G/G","A/G","?/?","A/A","A/A","A/G","A/G","A/G","G/G","G/G","?/?","A/A","A/A","G/G","G/G","A/G","G/G","A/A","A/A","G/G","A/G","A/G","?/?","G/G","A/G","A/A","G/G","G/G","A/A","A/A","A/G","G/G","G/G","A/G","G/G","G/G","G/G","A/G","A/G","A/G","A/G","A/A","G/G","A/G","A/A","G/G","G/G","G/G","A/G","A/G","A/G","G/G","A/G","A/G","A/G","G/G","A/G","A/G","G/G","A/G","A/G","G/G","A/G","A/G","G/G","A/G","A/G","G/G","A/A","?/?","G/G","A/A","A/G","A/A","A/G","A/A","G/G","G/G","A/A","A/A","A/A","A/G","A/A","A/A","A/G","G/G","G/G","A/A","A/G","G/G","G/G","G/G","G/G","G/G","A/A","A/A","A/A","A/A","A/A","A/A","A/A","A/A","A/A","A/A","A/A","A/A","A/A","A/A","A/A","A/A","A/A","A/A","A/A","A/A","?/?","A/A","A/A","G/G","G/G","G/G","?/?","G/G","?/?","A/A","A/A","G/G","G/G","A/A","A/A","A/A"
"59","PZA03329.2",6651,"7","152631890","","","PZA03329","ath-miR164","ath-miR164","candidate",8138,11378,0,0,0,"G/G","G/G","A/A","G/G","G/G","?/?","G/G","G/G","G/G","A/G","G/G","G/G","G/G","G/G","A/G","G/G","G/G","G/G","G/G","G/G","G/G","G/G","G/G","G/G","G/G","G/G","G/G","G/G","G/G","G/G","A/G","G/G","G/G","G/G","G/G","G/G","G/G","G/G","G/G","?/?","A/G","G/G","G/G","G/G","G/G","G/G","G/G","G/G","A/A","G/G","A/G","G/G","G/G","A/G","G/G","G/G","G/G","A/A","G/G","G/G","G/G","G/G","G/G","G/G","G/G","A/G","G/G","G/G","G/G","A/G","G/G","G/G","G/G","G/G","G/G","G/G","G/G","A/G","G/G","G/G","G/G","A/G","G/G","G/G","G/G","G/G","G/G","G/G","G/G","G/G","G/G","G/G","G/G","G/G","G/G","G/G","G/G","G/G","G/G","G/G","G/G","G/G","G/G","G/G","G/G","A/G","G/G","G/G","G/G","G/G","G/G","G/G","G/G","G/G","G/G","G/G","G/G","G/G","G/G","G/G","G/G","G/G","G/G","G/G","G/G","G/G","G/G","G/G","G/G","G/G","G/G","G/G","G/G","G/G","G/G","G/G","G/G","G/G","G/G","A/G","G/G","G/G","G/G","G/G","G/G","G/G","G/G","G/G","G/G","G/G","G/G","G/G","G/G","G/G","G/G","G/G","G/G","G/G","G/G","G/G","G/G","G/G","G/G","G/G","G/G","G/G","G/G","G/G","G/G","A/A","G/G","G/G","G/G","G/G","G/G","A/G","G/G","G/G","A/G","G/G","A/G","A/A","A/G","?/?","A/G","A/G","A/A","A/G","G/G","G/G","A/G","G/G","G/G","G/G","G/G","G/G","G/G","G/G","G/G","G/G","G/G","G/G","G/G","G/G","G/G","G/G","G/G","G/G","G/G","G/G","G/G","G/G","G/G","G/G","G/G","G/G","G/G","G/G","G/G","G/G","G/G","G/G","G/G","G/G","G/G","G/G","G/G","?/?","G/G","G/G","G/G","G/G","A/G","G/G","G/G","G/G","G/G","A/G","G/G","G/G","G/G","?/?","G/G","G/G","G/G","G/G","G/G","?/?","A/G","G/G","G/G","G/G","G/G","G/G","A/G","G/G","G/G","A/G","G/G","G/G","G/G","A/G","G/G","G/G","G/G","G/G","G/G","G/G","A/G","G/G","G/G","A/G","A/G","A/G","A/G","G/G","A/G","G/G","G/G","G/G","G/G","G/G","A/G","G/G","G/G","G/G","G/G","G/G","G/G","G/G","G/G","G/G","G/G","G/G","G/G","G/G","?/?","A/G","G/G","G/G","G/G","A/G","G/G","G/G","G/G","A/G","A/G","G/G","G/G","G/G","G/G","G/G","G/G","G/G","G/G","G/G","G/G","G/G","G/G","G/G","G/G","G/G","G/G","G/G","G/G","G/G","G/G","G/G","A/G","G/G","G/G","G/G","G/G","G/G","G/G","G/G","G/G","G/G","G/G","A/G","G/G","A/G","G/G","G/G","G/G","G/G","G/G","G/G","G/G","G/G","A/G","G/G","G/G","G/G","G/G","G/G","G/G","G/G","G/G","G/G","G/G","G/G","G/G","A/G","G/G","G/G","G/G","G/G","G/G","G/G","G/G","G/G","G/G","G/G","G/G","G/G","G/G","A/G","G/G","G/G","A/G","G/G","G/G","A/G","G/G","G/G","G/G","G/G","G/G","G/G","G/G","G/G","G/G","G/G","G/G","G/G","G/G","G/G","A/G","G/G","G/G","G/G","G/G","A/G","G/G","G/G","G/G","G/G","G/G","G/G","G/G","G/G","G/G","G/G","?/?","G/G","G/G","G/G","G/G","?/?","G/G","G/G","G/G","G/G","G/G","G/G","G/G","G/G","G/G","G/G","G/G","G/G","G/G","G/G","G/G","G/G","G/G","G/G","G/G","G/G","G/G","G/G","G/G","G/G","G/G","G/G","G/G","G/G","G/G","G/G","G/G","G/G","?/?","G/G","G/G","A/G","G/G","G/G","G/G","G/G","G/G","G/G","G/G","G/G","A/G","G/G","G/G","G/G","G/G","G/G","G/G","G/G","G/G","G/G","G/G","G/G","G/G","G/G","G/G","G/G","G/G","G/G","?/?","G/G","G/G","G/G","G/G","G/G","G/G","G/G","?/?","A/G","G/G","G/G","G/G","?/?","?/?","A/G","G/G","G/G","G/G","G/G","G/G","G/G","G/G","A/G","G/G","G/G","G/G","G/G","G/G","G/G","G/G","G/G","G/G","G/G","G/G","G/G","G/G","A/G","G/G","G/G","G/G","G/G","G/G","G/G","G/G","G/G","G/G","G/G","G/G","G/G","G/G","A/G","G/G","G/G","G/G","G/G","G/G","G/G","A/G","G/G","G/G","G/G","A/G","G/G","G/G","G/G","A/G","G/G","G/G","G/G","G/G","G/G","G/G","G/G","G/G","G/G","G/G","G/G","G/G","G/G","G/G","G/G","G/G","G/G","G/G","G/G","G/G","G/G","G/G","G/G","G/G","G/G","G/G","G/G","G/G","G/G","G/G","G/G","G/G","G/G","G/G","G/G","G/G","G/G","G/G","G/G","G/G","G/G","G/G","G/G","G/G","G/G","G/G","G/G","G/G","G/G","G/G","G/G","G/G","G/G","G/G","G/G","G/G","G/G","G/G","G/G","G/G","G/G","G/G","G/G","G/G","G/G","G/G","G/G","G/G","G/G","A/G","G/G","A/G","G/G","G/G","G/G","G/G","G/G","G/G","G/G","G/G","G/G","G/G","G/G","G/G","G/G","G/G","G/G","G/G","G/G","G/G","G/G","G/G","G/G","G/G","G/G","G/G","G/G","G/G","G/G","G/G","G/G","G/G","G/G","G/G","G/G","G/G","G/G","G/G","G/G","G/G","A/G","G/G","A/G","G/G","G/G","G/G","G/G","G/G","G/G","G/G","G/G","G/G","G/G","G/G","G/G","G/G","G/G","A/A","G/G","G/G","G/G","G/G","G/G","G/G","G/G","G/G","A/G","A/G","G/G","G/G","G/G","G/G","G/G","G/G","G/G","G/G","G/G","?/?","G/G","G/G","A/A","G/G","G/G","A/G","G/G","G/G","G/G","G/G","G/G","G/G","G/G","G/G","G/G","G/G","G/G","G/G","G/G","G/G","G/G","G/G","G/G","G/G","G/G","G/G","G/G","G/G","G/G","G/G","G/G","?/?","G/G","G/G","G/G","A/G","?/?","G/G","G/G","G/G","G/G","G/G","G/G","G/G","G/G","G/G","G/G","G/G","G/G","G/G","G/G","G/G","G/G","G/G","G/G","G/G","G/G","G/G","G/G","A/G","A/G","G/G","A/G","G/G","G/G","G/G","G/G","G/G","G/G","G/G","G/G","G/G","G/G","G/G","G/G","G/G","G/G","G/G","G/G","G/G","G/G","G/G","G/G","G/G","G/G","G/G","G/G","G/G","G/G","G/G","G/G","G/G","G/G","G/G","G/G","G/G","G/G","A/G","G/G","A/G","G/G","G/G","A/G","A/G","A/A","A/G","A/G","G/G","G/G","A/G","G/G","G/G","G/G","A/G","A/G","A/G","G/G","A/A","G/G","A/A","G/G","G/G","A/G","G/G","G/G","G/G","G/G","G/G","G/G","G/G","G/G","G/G","G/G","G/G","G/G","G/G","G/G","G/G","G/G","G/G","A/G","A/G","A/G","G/G","G/G","G/G","G/G","G/G","G/G","G/G","G/G","G/G","G/G","G/G","A/G","G/G","G/G","G/G","G/G","G/G","G/G","G/G","G/G","G/G","G/G","G/G","G/G","G/G","G/G","G/G","A/G","G/G","A/G","G/G","G/G","G/G","G/G","G/G","G/G","G/G","G/G","G/G","G/G","G/G","G/G","G/G","G/G","G/G","G/G","G/G","G/G","G/G","G/G","G/G","G/G","G/G","?/?","A/G","G/G","G/G","G/G","G/G","G/G","G/G","G/G","G/G","G/G","G/G","G/G","G/G","G/G","G/G","G/G","G/G","G/G","G/G","G/G","G/G","G/G","G/G","G/G","G/G","G/G","A/G","A/G","G/G","G/G","G/G","G/G","G/G","G/G","G/G","G/G","G/G","G/G","G/G","G/G","G/G","G/G","G/G","G/G","G/G","G/G","G/G","G/G","G/G","G/G","G/G","G/G","A/A","A/A","A/A","G/G","G/G","G/G","G/G","G/G","G/G","G/G","G/G","G/G","G/G","G/G","G/G","G/G","A/A","A/A","A/A","G/G","G/G","G/G","G/G","G/G","A/A","A/A","A/A","A/A","A/A"
"58","PZA03329.1",5861,"7","152631991","","","PZA03329","ath-miR164","ath-miR164","candidate",8137,11377,1,0,0,"C/C","C/C","A/A","C/C","C/C","A/C","C/C","C/C","C/C","A/C","C/C","C/C","C/C","C/C","A/C","C/C","C/C","C/C","C/C","C/C","C/C","C/C","C/C","C/C","C/C","C/C","?/?","C/C","C/C","C/C","A/C","C/C","C/C","C/C","C/C","C/C","C/C","C/C","C/C","A/C","A/C","C/C","C/C","C/C","C/C","C/C","C/C","C/C","A/A","C/C","A/C","C/C","C/C","A/C","C/C","C/C","C/C","A/A","C/C","C/C","C/C","?/?","C/C","C/C","C/C","A/C","C/C","C/C","C/C","A/C","C/C","C/C","C/C","C/C","C/C","C/C","C/C","A/C","C/C","C/C","C/C","A/C","C/C","C/C","C/C","C/C","C/C","C/C","C/C","C/C","C/C","C/C","C/C","C/C","C/C","C/C","A/C","C/C","C/C","C/C","C/C","C/C","C/C","C/C","C/C","A/C","C/C","C/C","C/C","C/C","C/C","C/C","A/C","C/C","C/C","?/?","C/C","C/C","C/C","C/C","C/C","C/C","?/?","C/C","C/C","C/C","C/C","C/C","C/C","C/C","C/C","C/C","C/C","C/C","C/C","C/C","?/?","C/C","C/C","A/C","C/C","C/C","C/C","C/C","C/C","C/C","C/C","C/C","C/C","C/C","C/C","C/C","C/C","C/C","?/?","C/C","C/C","C/C","C/C","C/C","C/C","C/C","C/C","C/C","C/C","C/C","C/C","C/C","C/C","A/A","C/C","C/C","C/C","C/C","C/C","A/C","C/C","C/C","A/C","C/C","A/C","A/A","A/C","A/C","A/C","A/C","A/A","A/C","C/C","C/C","A/C","C/C","C/C","C/C","C/C","C/C","C/C","C/C","C/C","C/C","C/C","C/C","C/C","C/C","C/C","C/C","?/?","?/?","C/C","C/C","C/C","C/C","C/C","C/C","C/C","C/C","C/C","C/C","C/C","C/C","C/C","C/C","C/C","C/C","C/C","C/C","C/C","A/C","C/C","C/C","C/C","C/C","A/C","C/C","C/C","C/C","C/C","A/C","C/C","C/C","C/C","A/C","?/?","C/C","?/?","C/C","C/C","A/C","?/?","C/C","C/C","C/C","C/C","C/C","A/C","C/C","C/C","A/C","C/C","C/C","C/C","A/A","C/C","C/C","C/C","C/C","C/C","C/C","A/A","C/C","C/C","A/C","A/C","A/C","A/C","C/C","A/C","C/C","C/C","C/C","C/C","C/C","A/C","C/C","C/C","C/C","C/C","C/C","C/C","C/C","C/C","C/C","C/C","C/C","C/C","C/C","A/C","A/C","C/C","C/C","C/C","A/C","C/C","C/C","?/?","A/C","A/C","C/C","C/C","C/C","C/C","C/C","C/C","C/C","C/C","C/C","C/C","C/C","C/C","C/C","C/C","C/C","C/C","C/C","C/C","?/?","C/C","C/C","A/C","C/C","C/C","C/C","C/C","C/C","C/C","C/C","C/C","C/C","C/C","?/?","C/C","A/C","C/C","C/C","C/C","C/C","C/C","C/C","C/C","C/C","?/?","C/C","C/C","C/C","C/C","C/C","C/C","C/C","C/C","C/C","C/C","C/C","C/C","A/C","C/C","C/C","C/C","C/C","C/C","C/C","C/C","C/C","C/C","C/C","C/C","C/C","C/C","A/C","C/C","C/C","A/A","C/C","C/C","A/C","C/C","C/C","C/C","C/C","C/C","C/C","C/C","C/C","C/C","C/C","C/C","C/C","C/C","C/C","A/A","C/C","C/C","C/C","C/C","?/?","C/C","C/C","C/C","C/C","C/C","C/C","C/C","C/C","C/C","C/C","A/C","C/C","C/C","C/C","C/C","A/C","C/C","C/C","C/C","?/?","C/C","?/?","C/C","C/C","C/C","C/C","C/C","C/C","C/C","C/C","C/C","C/C","C/C","C/C","C/C","C/C","C/C","C/C","C/C","C/C","C/C","C/C","C/C","C/C","C/C","C/C","C/C","C/C","A/C","C/C","C/C","A/C","C/C","C/C","C/C","C/C","C/C","C/C","C/C","C/C","A/C","C/C","C/C","C/C","C/C","C/C","C/C","C/C","C/C","C/C","C/C","C/C","C/C","C/C","C/C","C/C","C/C","C/C","A/C","C/C","C/C","C/C","C/C","C/C","C/C","C/C","A/C","A/C","C/C","C/C","C/C","A/C","A/C","A/C","C/C","C/C","C/C","C/C","C/C","C/C","C/C","A/C","C/C","C/C","C/C","C/C","C/C","C/C","C/C","C/C","C/C","C/C","C/C","C/C","C/C","A/C","C/C","C/C","C/C","C/C","C/C","C/C","C/C","C/C","C/C","C/C","C/C","C/C","C/C","A/C","C/C","C/C","C/C","C/C","C/C","C/C","A/C","C/C","?/?","C/C","A/C","C/C","C/C","C/C","A/C","C/C","C/C","C/C","C/C","C/C","?/?","C/C","C/C","C/C","C/C","C/C","C/C","C/C","C/C","C/C","C/C","C/C","C/C","C/C","C/C","C/C","C/C","C/C","C/C","C/C","C/C","C/C","C/C","C/C","C/C","C/C","C/C","C/C","C/C","C/C","C/C","C/C","C/C","C/C","C/C","C/C","C/C","C/C","C/C","C/C","C/C","C/C","C/C","C/C","C/C","C/C","C/C","C/C","C/C","C/C","C/C","C/C","C/C","C/C","C/C","C/C","C/C","C/C","C/C","C/C","C/C","C/C","C/C","A/C","A/C","C/C","A/C","C/C","C/C","C/C","C/C","C/C","C/C","C/C","C/C","C/C","C/C","C/C","C/C","C/C","C/C","C/C","C/C","C/C","C/C","C/C","C/C","C/C","C/C","C/C","C/C","C/C","C/C","C/C","C/C","C/C","C/C","C/C","?/?","C/C","C/C","?/?","C/C","C/C","C/C","A/C","C/C","A/C","C/C","C/C","C/C","C/C","C/C","?/?","C/C","C/C","?/?","C/C","C/C","C/C","C/C","C/C","A/A","?/?","C/C","C/C","C/C","C/C","C/C","C/C","C/C","A/C","?/?","C/C","C/C","C/C","C/C","C/C","C/C","C/C","C/C","C/C","A/C","C/C","C/C","A/A","C/C","?/?","A/C","C/C","C/C","C/C","C/C","C/C","C/C","C/C","C/C","C/C","C/C","C/C","C/C","C/C","C/C","C/C","C/C","C/C","C/C","C/C","C/C","C/C","C/C","C/C","C/C","C/C","C/C","C/C","C/C","?/?","A/C","A/C","C/C","C/C","C/C","C/C","C/C","C/C","C/C","C/C","C/C","C/C","C/C","C/C","C/C","C/C","C/C","C/C","C/C","C/C","C/C","C/C","C/C","C/C","A/A","?/?","?/?","A/C","C/C","C/C","C/C","C/C","C/C","C/C","C/C","?/?","C/C","C/C","C/C","C/C","C/C","C/C","C/C","C/C","C/C","C/C","C/C","C/C","C/C","C/C","C/C","C/C","C/C","C/C","C/C","C/C","C/C","C/C","C/C","C/C","C/C","C/C","A/C","C/C","A/C","C/C","C/C","A/C","A/C","A/A","A/C","A/C","C/C","C/C","A/C","C/C","C/C","C/C","A/C","A/C","A/C","C/C","A/A","C/C","A/A","C/C","C/C","A/C","C/C","C/C","C/C","C/C","C/C","C/C","C/C","C/C","C/C","C/C","C/C","C/C","C/C","C/C","C/C","C/C","C/C","A/C","A/C","A/C","?/?","C/C","C/C","C/C","C/C","C/C","C/C","C/C","C/C","C/C","A/C","A/C","C/C","C/C","C/C","C/C","C/C","?/?","C/C","C/C","C/C","C/C","C/C","C/C","C/C","C/C","C/C","A/C","C/C","A/C","C/C","C/C","C/C","C/C","C/C","C/C","C/C","C/C","C/C","C/C","C/C","C/C","C/C","C/C","C/C","C/C","C/C","C/C","C/C","C/C","C/C","C/C","A/C","C/C","A/C","C/C","C/C","C/C","?/?","C/C","C/C","C/C","C/C","C/C","C/C","C/C","C/C","C/C","C/C","C/C","C/C","C/C","C/C","C/C","C/C","C/C","C/C","C/C","C/C","C/C","A/C","A/C","C/C","C/C","C/C","C/C","C/C","C/C","C/C","C/C","C/C","C/C","C/C","C/C","C/C","C/C","C/C","C/C","C/C","C/C","C/C","C/C","C/C","C/C","C/C","C/C","A/A","A/A","A/A","C/C","C/C","C/C","C/C","C/C","C/C","C/C","C/C","C/C","C/C","C/C","C/C","C/C","A/A","A/A","A/A","C/C","C/C","C/C","C/C","C/C","A/A","A/A","A/A","A/A","A/A"
"21","PZA00326.16",3827,"7","153447034","","","PZA00326","AY108433","AY108433","random",7782,10754,1,1,1,"C/C","C/C","A/A","A/C","A/C","C/C","C/C","C/C","C/C","A/C","A/C","C/C","C/C","C/C","A/C","A/C","C/C","A/C","A/C","A/A","C/C","C/C","A/C","?/?","C/C","C/C","C/C","C/C","C/C","A/A","C/C","C/C","C/C","C/C","A/C","A/C","A/A","C/C","A/C","A/C","A/C","A/C","A/A","C/C","C/C","A/C","A/C","A/A","?/?","C/C","C/C","A/C","C/C","A/C","A/C","C/C","C/C","C/C","A/A","C/C","A/C","A/C","A/C","A/A","A/A","C/C","C/C","A/C","C/C","C/C","C/C","A/C","C/C","C/C","C/C","C/C","C/C","A/C","C/C","A/C","A/C","A/C","?/?","C/C","?/?","C/C","C/C","A/A","C/C","C/C","C/C","C/C","A/A","C/C","A/C","C/C","A/A","C/C","C/C","C/C","C/C","A/C","A/C","C/C","C/C","A/A","C/C","A/C","A/C","A/C","C/C","A/C","C/C","A/C","C/C","C/C","C/C","C/C","C/C","C/C","C/C","C/C","C/C","C/C","C/C","C/C","C/C","C/C","C/C","C/C","C/C","C/C","C/C","C/C","C/C","C/C","C/C","?/?","C/C","C/C","C/C","C/C","C/C","C/C","C/C","C/C","C/C","C/C","C/C","C/C","C/C","C/C","C/C","C/C","C/C","C/C","C/C","C/C","C/C","C/C","C/C","C/C","C/C","A/C","C/C","C/C","C/C","C/C","C/C","C/C","A/C","C/C","C/C","C/C","C/C","A/C","C/C","A/C","C/C","C/C","C/C","C/C","C/C","C/C","C/C","A/C","C/C","A/C","A/C","A/A","A/A","C/C","C/C","C/C","A/C","C/C","C/C","C/C","A/A","C/C","C/C","C/C","A/C","C/C","A/C","C/C","C/C","A/C","A/C","C/C","C/C","C/C","C/C","A/C","A/C","A/C","?/?","A/C","C/C","A/C","A/A","A/C","A/C","A/A","A/C","C/C","C/C","C/C","A/C","C/C","C/C","A/C","A/C","C/C","C/C","?/?","C/C","C/C","C/C","C/C","A/C","A/A","C/C","A/C","C/C","C/C","C/C","C/C","C/C","A/C","?/?","C/C","A/C","A/C","?/?","C/C","C/C","C/C","C/C","C/C","C/C","C/C","C/C","C/C","C/C","C/C","C/C","C/C","C/C","C/C","C/C","A/C","C/C","C/C","C/C","C/C","C/C","C/C","C/C","A/C","C/C","C/C","C/C","C/C","A/C","C/C","C/C","C/C","C/C","C/C","A/C","C/C","A/C","C/C","C/C","A/C","A/C","C/C","C/C","C/C","?/?","C/C","C/C","C/C","A/C","A/C","C/C","C/C","A/C","C/C","C/C","?/?","C/C","A/A","A/C","C/C","A/C","C/C","C/C","A/C","A/C","C/C","C/C","C/C","A/C","A/C","A/C","C/C","A/C","?/?","?/?","C/C","A/C","A/C","A/C","A/A","C/C","A/A","C/C","C/C","A/A","A/C","A/C","A/A","A/C","A/C","C/C","A/C","A/A","?/?","C/C","C/C","A/A","A/C","A/C","A/C","?/?","?/?","C/C","A/C","C/C","C/C","A/C","C/C","C/C","C/C","A/A","A/C","?/?","?/?","C/C","C/C","A/C","A/C","C/C","C/C","C/C","C/C","C/C","A/A","A/C","C/C","A/A","A/A","A/C","A/C","A/C","A/C","C/C","A/C","?/?","A/C","C/C","C/C","A/C","A/C","C/C","A/C","?/?","A/C","A/C","A/C","A/A","A/C","A/C","A/C","A/C","C/C","C/C","A/A","A/C","A/C","A/A","A/C","C/C","C/C","A/A","A/C","C/C","A/C","A/C","A/A","A/C","A/C","A/A","A/C","A/C","A/A","A/C","A/C","A/C","A/C","C/C","C/C","A/C","A/C","A/C","C/C","A/C","A/C","C/C","C/C","A/C","C/C","C/C","A/C","C/C","C/C","A/A","A/C","C/C","A/C","C/C","C/C","C/C","C/C","C/C","C/C","A/C","?/?","C/C","A/C","A/C","C/C","C/C","A/C","A/C","C/C","C/C","C/C","C/C","A/C","A/C","A/A","C/C","C/C","C/C","C/C","C/C","C/C","C/C","?/?","C/C","A/C","C/C","C/C","C/C","C/C","C/C","A/C","?/?","C/C","C/C","C/C","C/C","C/C","A/C","?/?","C/C","A/C","C/C","C/C","A/C","C/C","C/C","A/A","A/C","C/C","A/A","A/C","A/C","C/C","C/C","C/C","C/C","A/C","A/C","C/C","A/A","A/A","A/A","C/C","C/C","A/C","C/C","C/C","C/C","A/C","C/C","A/A","A/C","A/C","C/C","A/C","A/C","C/C","A/C","C/C","C/C","C/C","C/C","C/C","A/C","A/C","A/C","C/C","C/C","A/C","C/C","A/C","C/C","A/C","C/C","C/C","C/C","C/C","C/C","C/C","C/C","C/C","C/C","C/C","C/C","C/C","C/C","C/C","C/C","C/C","C/C","C/C","A/C","C/C","C/C","C/C","C/C","C/C","C/C","?/?","C/C","C/C","C/C","C/C","C/C","A/C","C/C","C/C","C/C","A/C","?/?","C/C","A/C","A/A","A/C","A/A","C/C","C/C","A/A","A/C","A/C","A/A","?/?","C/C","A/C","C/C","A/C","C/C","C/C","C/C","A/C","A/C","C/C","A/C","A/C","?/?","A/C","A/C","C/C","A/C","A/C","C/C","A/C","A/C","C/C","C/C","A/A","C/C","C/C","A/C","?/?","?/?","C/C","C/C","A/C","A/C","A/C","C/C","A/C","C/C","C/C","A/C","C/C","A/C","C/C","?/?","A/C","A/C","C/C","A/A","A/C","A/C","A/A","C/C","C/C","C/C","?/?","A/C","C/C","C/C","C/C","C/C","C/C","A/C","A/C","A/C","C/C","A/C","A/C","C/C","C/C","A/C","C/C","C/C","A/C","A/C","C/C","A/C","C/C","A/C","A/C","C/C","C/C","A/C","C/C","A/C","A/A","A/C","A/C","C/C","A/C","C/C","C/C","A/C","A/C","C/C","?/?","C/C","A/C","A/C","C/C","C/C","C/C","C/C","A/C","C/C","A/C","A/A","A/C","A/C","C/C","?/?","A/A","C/C","A/C","A/C","C/C","C/C","A/C","C/C","C/C","A/C","A/C","C/C","C/C","A/C","C/C","C/C","A/C","C/C","A/C","A/C","C/C","C/C","C/C","A/C","C/C","?/?","C/C","A/C","C/C","C/C","C/C","C/C","A/C","C/C","C/C","A/A","C/C","C/C","A/C","C/C","C/C","C/C","C/C","A/A","C/C","C/C","A/C","C/C","A/C","A/C","A/C","C/C","C/C","A/C","A/C","A/C","A/C","A/C","C/C","A/C","C/C","A/C","C/C","A/C","C/C","C/C","C/C","C/C","C/C","C/C","C/C","C/C","A/C","A/A","C/C","C/C","A/C","C/C","C/C","A/C","A/C","C/C","A/C","C/C","A/C","A/A","A/C","A/C","A/C","A/C","A/C","C/C","C/C","A/C","?/?","A/C","A/C","A/C","A/C","A/C","A/C","A/C","A/C","A/A","C/C","A/C","C/C","C/C","C/C","A/C","A/C","A/A","A/C","C/C","?/?","?/?","A/C","A/C","?/?","A/C","A/A","A/C","C/C","C/C","A/C","C/C","A/C","A/C","C/C","A/C","C/C","A/A","A/C","A/C","C/C","C/C","C/C","C/C","A/C","A/C","A/C","C/C","A/A","C/C","C/C","A/A","C/C","?/?","A/C","C/C","A/C","C/C","C/C","A/C","C/C","A/A","C/C","A/C","A/C","C/C","A/C","A/A","C/C","C/C","C/C","A/C","A/A","A/A","A/C","C/C","C/C","C/C","C/C","?/?","C/C","A/C","C/C","A/C","?/?","C/C","C/C","C/C","C/C","C/C","A/A","A/C","A/C","C/C","C/C","C/C","A/A","C/C","C/C","C/C","C/C","C/C","C/C","C/C","C/C","C/C","A/C","A/C","C/C","A/A","C/C","A/C","A/C","A/C","A/A","C/C","C/C","A/C","A/A","A/C","A/A","A/A","A/C","A/A","A/A","A/A","C/C","C/C","C/C","A/C","C/C","C/C","C/C","C/C","C/C","?/?","C/C","C/C","C/C","C/C","A/A","A/A","C/C","C/C","C/C","A/A","A/A","C/C","C/C","C/C","C/C","C/C","C/C","C/C","C/C","C/C","C/C","C/C","A/A","A/A","A/A","C/C","C/C","C/C","A/A","A/A","C/C","C/C","C/C","C/C","C/C"
"23","PZA00326.19",11123,"7","153447067","","","PZA00326","AY108433","AY108433","random",9907,10756,0,0,0,"C/C","C/C","T/T","C/T","C/T","C/C","C/C","C/C","C/C","C/T","C/T","C/C","C/C","C/C","C/T","C/T","C/C","C/T","C/T","T/T","C/C","C/C","C/T","C/C","C/C","C/C","C/C","C/C","C/C","T/T","C/C","C/C","C/C","C/C","C/T","C/T","T/T","C/C","C/T","C/T","C/T","C/T","T/T","C/C","C/C","C/T","C/T","T/T","C/T","C/C","C/C","C/T","C/C","C/T","C/T","C/C","C/C","C/C","T/T","C/C","C/T","C/T","C/T","T/T","T/T","C/C","C/C","?/?","C/C","C/C","C/C","C/T","C/C","C/C","C/C","C/C","C/C","C/T","C/C","C/T","C/T","C/T","C/T","C/C","T/T","C/C","C/C","T/T","C/C","C/C","C/C","C/C","T/T","C/C","C/T","C/C","T/T","C/C","C/C","C/C","C/C","C/T","C/T","C/C","C/C","T/T","C/C","C/T","C/C","C/T","C/C","C/T","C/C","C/T","C/C","C/C","C/C","?/?","C/C","C/C","C/C","C/C","C/C","C/C","C/C","C/C","C/C","C/C","C/C","C/C","C/C","C/C","C/C","C/C","C/C","C/C","C/C","C/C","C/C","C/C","C/C","C/C","C/C","C/C","C/C","C/C","C/C","C/C","C/C","C/C","C/C","C/C","C/C","C/C","C/C","C/C","C/C","C/C","C/C","C/C","C/C","C/C","C/C","C/C","C/C","C/C","C/C","C/C","C/C","C/C","C/T","C/C","C/C","C/C","C/C","C/T","C/C","C/T","C/C","C/C","C/C","C/C","C/C","C/C","C/C","C/T","C/C","C/T","C/T","T/T","C/T","C/C","C/C","C/C","C/T","C/C","C/C","C/C","T/T","C/C","C/C","C/C","C/T","C/C","C/T","C/C","C/C","C/T","C/T","C/C","C/C","C/C","C/C","C/T","C/T","C/T","C/T","C/T","C/C","C/T","T/T","C/T","C/T","T/T","C/T","?/?","C/C","C/C","C/T","C/C","C/C","C/T","C/T","C/C","C/C","C/C","C/C","C/C","C/C","C/C","C/T","T/T","C/C","C/T","C/C","C/C","C/C","C/C","?/?","C/T","C/C","C/C","C/T","C/T","C/C","C/C","?/?","C/C","C/C","C/C","C/C","C/C","C/C","C/C","C/C","C/C","C/C","C/C","C/C","C/C","C/C","C/T","C/C","C/C","C/C","C/C","C/C","C/C","C/C","C/T","C/C","C/C","C/C","C/C","C/T","C/C","C/C","C/C","C/C","C/C","C/T","C/C","?/?","C/C","C/C","C/T","C/T","C/C","?/?","C/C","T/T","C/C","C/C","C/C","C/T","C/T","C/C","C/C","C/T","C/C","C/C","C/T","C/C","T/T","C/T","C/C","C/T","C/C","C/C","C/T","C/T","C/C","C/C","C/C","C/T","C/T","C/T","C/C","C/T","T/T","C/T","C/C","C/T","C/T","C/T","T/T","C/C","T/T","C/C","C/C","T/T","C/T","C/T","T/T","C/T","C/T","C/C","C/T","T/T","C/T","C/C","C/C","T/T","C/T","C/T","C/T","C/C","T/T","C/C","C/T","C/C","C/C","C/T","C/C","C/C","C/C","T/T","C/T","C/C","C/T","C/C","C/C","C/T","C/T","C/C","C/C","C/C","C/C","C/C","?/?","C/T","C/C","T/T","T/T","C/C","C/T","C/T","C/T","C/C","C/T","C/T","C/T","C/C","C/C","C/T","C/T","C/C","C/T","C/T","C/T","C/T","C/T","T/T","C/T","C/T","C/T","C/T","C/C","C/C","T/T","C/T","C/T","T/T","C/T","C/C","C/C","T/T","C/T","C/C","C/T","C/T","T/T","C/T","C/T","T/T","C/T","C/T","T/T","C/T","C/T","C/T","C/T","C/C","C/C","C/T","C/T","?/?","C/C","C/T","C/T","C/C","C/C","C/T","C/C","C/C","C/T","C/C","C/C","T/T","C/T","C/C","C/T","C/C","C/C","C/C","C/C","C/C","C/C","C/T","C/T","C/C","C/T","C/T","C/C","C/C","C/C","C/T","C/C","C/C","C/C","C/C","C/T","C/T","T/T","C/C","C/T","C/C","C/C","C/C","C/C","C/C","C/C","C/C","C/T","C/C","C/C","C/C","C/C","C/C","C/T","C/C","C/C","C/C","C/C","C/C","C/C","C/T","C/C","C/C","C/T","C/C","C/C","C/T","C/C","C/C","T/T","C/T","C/C","T/T","C/T","C/T","C/C","C/C","C/C","C/C","C/T","C/T","C/C","T/T","T/T","T/T","C/C","C/C","C/T","C/C","C/C","C/C","C/T","C/C","T/T","C/T","?/?","C/C","C/T","?/?","C/C","C/T","C/C","C/C","C/C","C/C","C/C","C/T","C/T","C/T","C/C","C/C","C/T","C/C","C/T","C/C","C/T","C/C","C/C","C/C","C/C","C/C","C/C","C/C","C/C","C/C","C/C","C/C","C/C","C/C","C/C","C/C","C/C","C/C","C/C","C/T","C/C","C/C","C/C","C/C","C/C","C/C","C/C","C/C","C/C","C/C","C/C","C/C","C/T","C/C","C/C","C/C","C/T","T/T","C/C","C/T","T/T","C/T","T/T","C/C","C/C","T/T","C/T","C/T","T/T","C/T","C/C","C/T","C/C","C/T","C/C","C/C","C/C","C/T","C/T","C/C","C/T","C/T","C/C","C/T","C/T","C/C","C/T","C/T","C/C","C/T","C/T","C/C","C/C","T/T","C/C","C/C","C/T","C/C","C/C","C/C","C/C","C/T","C/T","C/T","C/C","C/T","C/C","C/C","C/T","C/C","C/C","C/C","C/C","C/T","C/T","C/C","T/T","C/T","C/T","T/T","C/C","C/C","C/C","C/C","C/T","C/C","C/C","C/C","C/C","C/C","C/T","C/T","C/T","C/C","C/T","C/T","C/C","C/C","C/T","C/C","C/C","C/T","C/T","C/C","C/T","C/C","C/T","C/T","C/T","C/C","C/T","C/C","C/T","T/T","C/T","C/T","C/C","C/T","C/C","C/C","C/T","C/T","C/C","T/T","C/C","C/T","C/T","C/C","C/C","C/C","C/C","C/T","C/C","C/T","T/T","C/T","?/?","C/C","C/C","T/T","C/C","C/T","C/T","C/C","C/C","C/T","C/C","C/C","C/T","C/T","C/C","C/C","C/T","C/C","C/C","C/T","C/C","C/T","C/T","C/C","C/C","C/C","C/T","C/C","C/C","C/C","C/T","C/C","C/C","C/C","C/C","C/T","C/C","C/C","T/T","C/C","C/C","C/T","C/C","C/C","C/C","C/C","T/T","C/C","C/C","C/T","C/C","C/T","C/T","C/T","C/C","C/C","C/T","C/T","C/T","C/T","C/T","C/C","C/T","C/C","C/T","C/C","C/T","C/C","C/C","C/C","C/C","C/C","C/C","C/C","C/C","C/T","T/T","C/C","C/C","C/T","C/C","C/C","C/T","C/T","C/C","C/T","C/C","C/T","T/T","C/T","C/T","C/T","C/T","C/T","C/C","C/C","C/T","C/C","C/T","C/C","C/T","C/T","C/T","C/T","C/T","C/T","T/T","C/C","C/T","C/C","C/C","C/C","C/T","C/T","T/T","C/T","C/C","C/T","C/T","C/C","C/T","C/T","C/T","T/T","C/T","C/C","C/C","C/T","C/C","C/T","C/T","C/C","C/T","C/C","T/T","C/T","C/T","C/C","C/C","C/C","C/C","C/T","C/T","C/T","C/C","T/T","C/C","C/C","T/T","C/C","C/C","?/?","C/C","C/T","C/C","C/C","C/T","C/C","T/T","C/C","C/T","C/T","C/C","C/T","T/T","C/C","C/C","?/?","C/T","T/T","T/T","C/T","C/C","C/C","C/C","C/C","C/C","C/C","C/T","C/C","C/T","C/T","C/C","C/C","C/C","C/C","C/C","T/T","C/T","C/T","C/C","C/C","C/C","T/T","C/C","C/C","C/C","C/C","C/C","C/C","C/C","C/C","C/C","C/T","C/T","C/C","T/T","C/C","C/T","C/T","C/T","T/T","C/C","C/C","C/T","T/T","C/T","T/T","T/T","C/T","T/T","T/T","T/T","C/C","C/C","C/C","C/T","C/C","C/C","C/C","C/C","C/C","C/C","C/C","C/C","C/C","C/C","T/T","T/T","C/C","C/C","C/C","T/T","T/T","?/?","C/C","C/C","C/C","C/C","C/C","C/C","C/C","C/C","C/C","C/C","T/T","T/T","T/T","C/C","C/C","C/C","T/T","T/T","C/C","C/C","C/C","C/C","C/C"
"22","PZA00326.18",11122,"7","153447109","","","PZA00326","AY108433","AY108433","random",9906,10755,0,0,0,"C/G","G/G","G/G","C/G","C/G","C/C","?/?","C/G","C/G","?/?","C/G","C/C","C/G","?/?","G/G","C/G","C/G","C/G","G/G","G/G","C/G","C/C","C/G","C/G","C/C","C/G","C/C","C/C","C/C","G/G","C/C","C/C","C/G","C/G","C/G","C/G","G/G","C/C","C/G","C/G","C/G","C/G","G/G","?/?","C/C","C/G","C/G","G/G","?/?","C/G","C/C","C/G","C/C","C/G","G/G","C/C","C/C","C/C","G/G","G/G","G/G","C/G","G/G","G/G","G/G","C/C","C/G","G/G","G/G","C/C","C/G","G/G","C/G","C/G","G/G","C/C","C/C","C/G","C/G","C/G","C/G","?/?","G/G","C/G","G/G","C/C","C/C","G/G","C/C","C/G","C/C","C/C","G/G","C/C","G/G","C/G","G/G","C/G","?/?","C/C","C/G","?/?","C/G","C/G","C/G","G/G","C/C","G/G","C/C","C/G","C/C","C/G","G/G","C/G","C/C","C/C","C/C","C/G","C/C","C/C","C/C","G/G","C/C","C/C","C/G","C/C","C/C","C/G","C/G","C/C","C/C","C/C","C/C","C/C","C/C","C/C","G/G","C/C","C/C","C/C","C/C","C/C","C/C","C/C","C/G","C/C","G/G","C/C","C/G","C/G","C/C","G/G","G/G","C/C","C/C","C/C","C/C","C/C","C/C","G/G","C/C","G/G","C/G","C/G","G/G","C/C","G/G","C/G","C/G","G/G","C/G","C/C","C/C","G/G","C/C","G/G","C/C","G/G","G/G","C/C","C/G","G/G","C/G","C/G","C/C","G/G","C/C","C/G","C/G","G/G","?/?","G/G","G/G","C/C","C/G","C/G","C/C","C/C","G/G","G/G","G/G","C/C","G/G","C/G","G/G","C/C","C/G","G/G","C/G","C/G","?/?","G/G","?/?","G/G","G/G","?/?","G/G","G/G","C/C","C/G","G/G","C/G","C/G","G/G","G/G","C/C","C/G","C/C","G/G","C/C","C/C","C/G","C/G","C/C","C/G","C/C","C/C","C/C","C/C","C/G","C/G","G/G","C/C","?/?","C/C","C/G","C/C","C/G","C/C","G/G","G/G","G/G","C/G","C/G","C/G","C/G","C/C","C/C","G/G","G/G","C/C","C/C","C/G","C/G","C/C","G/G","C/G","C/G","C/C","C/G","C/C","G/G","G/G","C/C","C/G","C/G","C/C","C/C","C/G","G/G","C/C","C/G","C/C","C/C","?/?","G/G","C/C","C/G","C/G","C/G","C/G","C/C","C/G","C/G","C/C","C/G","C/G","C/G","C/C","C/C","?/?","C/G","C/C","C/C","G/G","C/G","C/C","C/G","G/G","C/C","?/?","C/G","G/G","G/G","C/G","C/C","C/G","C/G","G/G","C/G","C/G","C/C","C/G","C/G","?/?","C/G","C/G","G/G","C/G","G/G","?/?","C/C","C/G","C/G","C/G","G/G","C/C","G/G","G/G","C/C","G/G","C/G","C/G","G/G","C/G","C/G","C/G","C/G","G/G","?/?","C/C","C/G","G/G","C/G","C/G","C/G","?/?","G/G","C/C","G/G","C/C","G/G","C/G","C/C","C/G","C/G","G/G","C/G","C/C","C/G","C/C","C/C","G/G","C/G","C/C","C/C","C/C","C/G","C/G","G/G","C/G","C/G","G/G","G/G","C/G","C/G","C/G","?/?","C/C","C/G","G/G","C/G","C/G","C/G","C/G","?/?","C/C","C/G","?/?","?/?","G/G","C/G","G/G","G/G","C/G","C/G","C/G","C/C","C/G","G/G","C/G","C/G","G/G","C/G","C/G","C/C","G/G","G/G","C/C","C/G","G/G","G/G","G/G","C/G","G/G","C/G","C/G","?/?","C/G","C/G","C/G","?/?","C/G","C/C","C/G","C/G","C/G","G/G","G/G","C/G","C/C","C/G","G/G","C/C","C/C","G/G","C/G","C/C","G/G","C/G","C/G","C/G","G/G","C/G","C/G","C/G","C/C","C/C","G/G","C/G","C/C","C/G","C/G","C/G","C/C","C/C","G/G","C/G","G/G","C/G","C/G","C/G","G/G","G/G","C/G","C/G","C/G","G/G","G/G","G/G","C/G","C/G","C/G","?/?","C/G","C/G","G/G","C/G","G/G","G/G","C/G","C/G","C/G","C/G","C/C","C/G","C/G","G/G","C/G","C/G","G/G","C/G","C/G","C/G","G/G","?/?","C/G","G/G","G/G","C/G","C/G","C/C","C/C","C/C","C/C","C/G","C/G","C/C","G/G","G/G","G/G","C/C","C/G","G/G","C/G","C/C","C/G","G/G","C/C","G/G","C/G","C/G","C/C","G/G","C/G","C/C","C/G","C/C","C/C","C/G","C/C","C/C","C/G","C/G","G/G","C/C","C/G","?/?","C/G","C/G","C/C","C/G","C/C","C/C","C/G","C/G","C/C","C/C","C/G","C/C","C/G","C/C","C/C","C/G","C/G","?/?","C/C","C/C","C/C","C/C","G/G","C/G","C/C","C/G","C/G","C/C","C/C","?/?","C/C","G/G","C/C","C/G","C/C","C/G","G/G","C/C","C/C","C/G","G/G","C/G","C/G","G/G","G/G","G/G","C/G","C/G","G/G","G/G","G/G","G/G","C/G","C/C","?/?","C/C","G/G","C/C","C/G","C/G","C/G","G/G","C/G","G/G","G/G","G/G","C/G","C/G","C/C","G/G","G/G","C/C","G/G","G/G","C/G","C/G","G/G","C/G","C/C","G/G","C/G","C/C","C/G","C/G","C/G","G/G","C/G","C/C","G/G","?/?","C/C","?/?","G/G","C/G","C/G","C/C","C/G","C/G","G/G","G/G","?/?","G/G","G/G","C/G","C/C","G/G","C/C","G/G","G/G","C/G","G/G","C/C","C/C","C/G","G/G","G/G","C/G","G/G","C/G","C/G","C/C","C/G","C/C","C/G","G/G","C/G","C/G","?/?","C/G","C/G","C/G","G/G","G/G","C/G","C/C","C/G","G/G","C/G","G/G","C/G","G/G","C/G","C/G","?/?","?/?","C/C","G/G","C/G","C/G","G/G","C/G","G/G","C/C","C/G","C/G","C/G","C/G","G/G","G/G","G/G","G/G","G/G","G/G","C/G","C/G","C/G","C/G","C/G","G/G","G/G","G/G","C/G","C/G","G/G","G/G","G/G","C/C","C/C","G/G","G/G","C/G","G/G","G/G","?/?","C/G","G/G","C/C","C/C","C/C","G/G","C/G","C/G","C/C","C/G","G/G","C/G","C/G","G/G","C/C","C/G","G/G","C/G","C/C","C/G","G/G","G/G","C/G","G/G","C/G","G/G","G/G","G/G","C/G","C/C","C/G","G/G","C/G","C/G","C/G","C/G","C/C","C/G","G/G","C/G","G/G","C/G","C/C","G/G","C/G","C/G","?/?","C/C","C/C","C/G","C/G","G/G","C/C","C/C","G/G","C/C","C/C","C/G","G/G","C/C","C/G","C/G","C/G","G/G","C/G","G/G","C/G","C/G","C/G","C/C","C/G","C/G","G/G","G/G","C/G","G/G","C/G","C/G","C/G","C/G","C/G","G/G","C/C","G/G","C/C","C/G","C/G","C/G","G/G","G/G","G/G","G/G","G/G","C/G","C/G","C/G","?/?","C/G","G/G","C/G","C/C","C/C","G/G","C/G","C/G","C/G","C/C","C/G","C/C","G/G","?/?","C/G","C/C","C/C","C/G","C/C","C/G","C/G","G/G","C/C","G/G","C/C","C/C","G/G","C/C","?/?","C/G","C/C","C/G","C/C","C/C","?/?","C/C","G/G","C/C","C/G","?/?","C/C","G/G","G/G","C/C","C/G","?/?","G/G","G/G","G/G","G/G","C/C","C/C","G/G","C/C","G/G","C/G","C/G","G/G","?/?","C/G","C/G","C/G","G/G","G/G","C/G","G/G","G/G","G/G","?/?","C/C","C/G","G/G","G/G","C/C","C/C","C/C","C/C","C/G","C/C","C/C","C/C","C/G","C/G","C/G","G/G","C/C","G/G","C/G","G/G","G/G","C/G","C/G","C/G","G/G","C/G","G/G","G/G","C/G","G/G","G/G","G/G","C/C","C/C","G/G","G/G","G/G","G/G","G/G","G/G","G/G","G/G","G/G","G/G","C/C","?/?","G/G","G/G","C/C","C/C","C/C","G/G","G/G","C/C","C/C","C/C","C/C","G/G","G/G","G/G","C/C","?/?","C/C","C/C","G/G","G/G","G/G","C/C","C/C","C/C","G/G","G/G","G/G","G/G","G/G","G/G","?/?"
"88","PZD00044.2",6391,"7","158727917","","","PZD00044","zmm28","zmm28","candidate",8353,11747,1,0,0,"G/G","G/G","G/G","G/G","G/G","G/G","G/G","G/G","G/G","G/G","G/G","G/G","G/G","G/G","G/G","G/G","G/G","G/G","G/G","G/G","G/G","G/G","G/G","G/G","G/G","G/G","G/G","G/G","G/G","G/G","G/G","G/G","?/?","G/G","G/G","G/G","G/G","G/G","G/G","G/G","G/G","G/G","G/G","G/G","G/G","G/G","G/G","G/G","G/G","?/?","G/G","G/G","?/?","G/G","G/G","G/G","G/G","?/?","G/G","G/G","G/G","G/G","G/G","G/G","G/G","G/G","G/G","G/G","G/G","G/G","G/G","G/G","G/G","G/G","G/G","G/G","G/G","?/?","G/G","G/G","G/G","G/G","G/G","G/G","G/G","G/G","G/G","G/G","G/G","G/G","G/G","G/G","G/G","G/G","G/G","G/G","G/G","G/G","G/G","G/G","G/G","G/G","G/G","G/G","G/G","G/G","G/G","G/G","G/G","G/G","G/G","G/G","G/G","G/G","G/G","G/G","G/G","G/G","G/G","G/G","G/G","G/G","G/G","G/G","G/G","G/G","G/G","G/G","G/G","G/G","G/G","G/G","G/G","G/G","G/G","G/G","G/G","G/G","G/G","G/G","G/G","G/G","G/G","G/G","G/G","G/G","G/G","G/G","G/G","G/G","G/G","G/G","G/G","G/G","G/G","G/G","G/G","G/G","G/G","G/G","G/G","G/G","G/G","G/G","G/G","G/G","G/G","G/G","G/G","G/G","G/G","G/G","G/G","G/G","G/G","G/G","G/G","G/G","G/G","G/G","G/G","G/G","G/G","G/G","G/G","G/G","G/G","G/G","G/G","G/G","G/G","G/G","G/G","G/G","G/G","G/G","G/G","G/G","G/G","G/G","G/G","G/G","G/G","G/G","G/G","G/G","G/G","G/G","G/G","G/G","G/G","G/G","G/G","G/G","G/G","?/?","G/G","G/G","G/G","G/G","G/G","G/G","G/G","G/G","G/G","G/G","G/G","G/G","G/G","G/G","G/G","G/G","G/G","G/G","G/G","G/G","G/G","G/G","G/G","G/G","G/G","G/G","G/G","G/G","G/G","G/G","G/G","G/G","G/G","G/G","G/G","G/G","G/G","G/G","G/G","?/?","G/G","G/G","G/G","G/G","G/G","G/G","G/G","G/G","G/G","G/G","G/G","G/G","G/G","G/G","G/G","G/G","G/G","?/?","?/?","G/G","G/G","G/G","G/G","G/G","G/G","G/G","G/G","G/G","G/G","G/G","G/G","?/?","G/G","G/G","?/?","G/G","G/G","G/G","G/G","G/G","G/G","G/G","G/G","G/G","G/G","G/G","G/G","G/G","G/G","G/G","G/G","G/G","G/G","G/G","G/G","G/G","G/G","G/G","G/G","G/G","G/G","G/G","G/G","G/G","G/G","G/G","G/G","G/G","G/G","?/?","?/?","G/G","G/G","G/G","G/G","G/G","?/?","G/G","G/G","G/G","G/G","G/G","G/G","G/G","G/G","G/G","G/G","G/G","G/G","G/G","G/G","G/G","G/G","G/G","G/G","G/G","G/G","G/G","G/G","G/G","G/G","G/G","G/G","G/G","G/G","?/?","G/G","G/G","G/G","G/G","G/G","G/G","G/G","G/G","G/G","G/G","G/G","G/G","G/G","G/G","G/G","G/G","G/G","G/G","G/G","G/G","G/G","G/G","G/G","G/G","G/G","G/G","G/G","G/G","G/G","G/G","G/G","G/G","G/G","G/G","G/G","G/G","G/G","G/G","G/G","G/G","G/G","G/G","G/G","G/G","G/G","G/G","G/G","G/G","G/G","G/G","G/G","G/G","G/G","G/G","G/G","G/G","G/G","G/G","G/G","G/G","G/G","G/G","G/G","G/G","G/G","G/G","G/G","?/?","G/G","G/G","G/G","G/G","G/G","G/G","G/G","G/G","G/G","G/G","G/G","G/G","G/G","G/G","G/G","G/G","G/G","G/G","G/G","G/G","G/G","G/G","G/G","G/G","?/?","G/G","G/G","G/G","G/G","G/G","G/G","G/G","G/G","G/G","G/G","G/G","G/G","G/G","G/G","G/G","G/G","G/G","G/G","G/G","G/G","G/G","G/G","G/G","G/G","G/G","G/G","?/?","G/G","G/G","G/G","G/G","G/G","G/G","G/G","G/G","G/G","G/G","G/G","G/G","G/G","G/G","G/G","G/G","G/G","G/G","G/G","G/G","G/G","G/G","G/G","G/G","G/G","G/G","G/G","G/G","G/G","G/G","G/G","G/G","G/G","G/G","G/G","G/G","G/G","G/G","G/G","?/?","G/G","G/G","G/G","G/G","G/G","G/G","G/G","G/G","G/G","G/G","G/G","G/G","G/G","G/G","G/G","G/G","G/G","G/G","G/G","G/G","G/G","G/G","G/G","G/G","G/G","G/G","G/G","G/G","G/G","G/G","G/G","G/G","G/G","G/G","G/G","G/G","G/G","G/G","G/G","G/G","G/G","G/G","G/G","G/G","G/G","G/G","G/G","G/G","G/G","G/G","G/G","G/G","G/G","G/G","G/G","G/G","G/G","G/G","G/G","G/G","G/G","G/G","G/G","G/G","G/G","G/G","G/G","G/G","G/G","G/G","G/G","G/G","G/G","G/G","G/G","G/G","G/G","G/G","G/G","G/G","G/G","G/G","G/G","G/G","G/G","G/G","G/G","G/G","G/G","G/G","G/G","G/G","G/G","G/G","G/G","G/G","G/G","G/G","G/G","G/G","G/G","G/G","G/G","G/G","G/G","G/G","G/G","G/G","G/G","G/G","G/G","G/G","G/G","G/G","G/G","G/G","G/G","G/G","G/G","G/G","G/G","G/G","G/G","G/G","G/G","G/G","G/G","G/G","G/G","G/G","G/G","G/G","G/G","G/G","G/G","G/G","G/G","G/G","G/G","G/G","G/G","G/G","G/G","G/G","G/G","G/G","G/G","G/G","G/G","G/G","G/G","G/G","G/G","G/G","G/G","G/G","G/G","G/G","G/G","G/G","G/G","G/G","G/G","G/G","G/G","G/G","G/G","G/G","G/G","G/G","G/G","G/G","G/G","G/G","G/G","G/G","?/?","G/G","G/G","G/G","G/G","G/G","G/G","G/G","G/G","G/G","G/G","G/G","G/G","G/G","G/G","G/G","G/G","G/G","G/G","G/G","G/G","G/G","G/G","G/G","G/G","G/G","G/G","G/G","G/G","G/G","G/G","G/G","G/G","?/?","G/G","G/G","G/G","G/G","G/G","G/G","G/G","G/G","G/G","G/G","G/G","G/G","G/G","G/G","G/G","G/G","G/G","G/G","?/?","G/G","G/G","G/G","G/G","G/G","G/G","G/G","G/G","G/G","G/G","G/G","G/G","G/G","G/G","G/G","G/G","G/G","G/G","G/G","G/G","G/G","G/G","G/G","G/G","G/G","G/G","G/G","G/G","G/G","G/G","G/G","G/G","G/G","G/G","G/G","G/G","G/G","G/G","G/G","G/G","G/G","G/G","G/G","G/G","G/G","G/G","G/G","G/G","G/G","G/G","G/G","G/G","G/G","G/G","?/?","G/G","?/?","G/G","G/G","G/G","G/G","G/G","G/G","G/G","G/G","G/G","G/G","G/G","G/G","G/G","G/G","G/G","G/G","G/G","G/G","G/G","G/G","G/G","G/G","G/G","G/G","G/G","G/G","G/G","G/G","G/G","G/G","G/G","G/G","G/G","G/G","G/G","G/G","G/G","G/G","G/G","G/G","G/G","G/G","G/G","G/G","G/G","G/G","G/G","G/G","G/G","G/G","G/G","G/G","G/G","G/G","G/G","G/G","G/G","G/G","G/G","G/G","G/G","G/G","G/G","G/G","G/G","G/G","G/G","G/G","?/?","G/G","G/G","G/G","G/G","G/G","G/G","G/G","G/G","G/G","G/G","G/G","G/G","G/G","G/G","G/G","G/G","G/G","G/G","G/G","G/G","G/G","G/G","G/G","G/G","G/G","G/G","G/G","G/G","G/G","G/G","G/G","G/G","G/G","G/G","G/G","G/G","G/G","G/G","G/G","G/G","G/G","G/G","G/G","G/G","G/G","G/G","G/G","G/G","G/G","G/G","G/G","G/G","G/G","G/G","G/G","G/G","G/G","G/G","G/G","G/G","G/G","G/G","G/G","G/G","G/G","G/G","G/G","G/G","G/G","G/G","G/G","G/G","?/?","G/G","G/G","G/G","G/G","G/G","G/G","G/G","G/G","G/G","G/G","G/G","?/?","G/G","G/G","G/G","G/G","G/G","G/G","G/G","G/G","G/G","G/G","G/G","G/G","G/G"
"90","PZD00044.4",6393,"7","158727996","","","PZD00044","zmm28","zmm28","candidate",8355,11749,0,0,0,"A/C","A/A","C/C","A/A","A/A","A/C","?/?","C/C","?/?","C/C","A/A","A/A","A/A","A/C","C/C","C/C","A/C","A/C","?/?","A/A","A/A","A/C","A/A","A/A","A/C","A/A","A/C","A/C","A/A","A/C","A/A","A/C","A/C","A/C","A/C","A/A","A/A","A/A","?/?","?/?","A/C","A/A","A/A","?/?","C/C","C/C","C/C","?/?","A/C","A/A","A/A","A/A","C/C","C/C","?/?","A/C","A/C","C/C","C/C","A/C","A/A","A/A","A/C","A/C","A/C","C/C","A/C","C/C","A/A","?/?","A/C","A/A","C/C","A/C","A/C","C/C","A/C","A/A","A/A","C/C","A/C","C/C","A/C","A/C","A/C","A/C","?/?","A/A","C/C","A/C","C/C","A/C","?/?","C/C","A/A","A/C","A/A","A/A","?/?","A/C","A/C","A/C","C/C","C/C","?/?","A/C","A/C","A/A","A/A","A/C","?/?","A/C","?/?","A/A","C/C","A/C","A/A","A/A","C/C","A/A","A/A","A/A","A/A","A/A","?/?","?/?","A/A","A/C","A/A","A/A","A/A","A/C","A/C","A/A","A/C","A/C","A/A","C/C","A/C","A/C","A/C","?/?","C/C","A/C","A/C","A/A","A/C","A/A","A/C","A/A","A/A","A/C","A/A","A/C","C/C","A/C","C/C","A/C","A/C","A/A","A/C","?/?","C/C","A/C","A/C","?/?","?/?","?/?","A/A","A/C","C/C","A/C","A/A","A/C","A/A","A/C","A/A","A/C","A/A","A/C","C/C","A/C","A/C","C/C","C/C","A/A","C/C","A/C","A/C","A/C","A/A","C/C","A/A","A/C","A/A","A/C","A/A","A/A","A/A","A/A","A/C","?/?","A/C","A/A","A/A","A/A","A/A","A/C","A/A","A/C","A/A","A/A","A/C","A/A","A/C","A/A","A/C","A/A","A/C","A/C","A/C","A/C","C/C","A/A","A/C","A/C","?/?","A/C","?/?","C/C","C/C","C/C","A/A","?/?","C/C","C/C","?/?","A/C","A/C","C/C","C/C","A/A","A/A","A/A","A/C","?/?","A/C","A/A","?/?","A/C","A/A","?/?","A/C","A/C","C/C","?/?","C/C","A/A","C/C","A/C","A/C","C/C","A/C","A/C","C/C","?/?","A/C","A/C","C/C","C/C","C/C","?/?","C/C","C/C","A/C","C/C","C/C","?/?","C/C","A/C","?/?","A/C","A/A","C/C","A/C","A/C","C/C","A/A","A/C","A/A","A/A","A/A","A/A","?/?","A/C","A/C","?/?","A/A","C/C","?/?","A/C","C/C","C/C","A/C","C/C","C/C","A/C","A/A","A/A","A/A","C/C","A/C","A/C","A/C","?/?","A/A","?/?","?/?","C/C","?/?","?/?","?/?","C/C","A/C","A/C","A/A","C/C","A/A","C/C","A/C","?/?","A/C","A/C","A/C","C/C","A/A","C/C","?/?","A/C","A/C","?/?","A/A","C/C","A/C","A/C","A/C","A/C","A/C","A/A","C/C","A/C","A/C","C/C","A/C","A/A","A/A","C/C","C/C","?/?","?/?","A/C","A/A","C/C","C/C","A/A","?/?","?/?","?/?","A/A","A/A","A/C","C/C","C/C","A/C","?/?","A/C","A/C","A/C","C/C","C/C","A/A","C/C","C/C","A/A","A/C","A/C","?/?","C/C","C/C","C/C","A/A","A/C","A/A","A/A","A/C","A/C","A/C","A/C","A/C","A/C","C/C","A/A","A/C","A/C","?/?","A/A","?/?","A/C","?/?","A/C","A/C","A/A","C/C","C/C","A/C","A/C","C/C","C/C","C/C","?/?","C/C","C/C","C/C","C/C","?/?","A/C","C/C","C/C","C/C","A/C","A/C","?/?","A/A","C/C","A/C","?/?","A/C","C/C","C/C","A/A","C/C","C/C","A/C","A/C","A/A","A/A","A/C","C/C","A/A","A/C","C/C","A/C","C/C","A/C","A/A","C/C","C/C","?/?","A/C","A/C","?/?","A/A","A/C","C/C","?/?","A/C","C/C","C/C","A/C","A/A","A/A","A/A","?/?","A/C","A/C","A/C","A/C","A/A","A/A","A/C","A/A","C/C","A/A","A/C","A/C","?/?","A/A","?/?","C/C","A/C","?/?","C/C","A/C","C/C","?/?","?/?","?/?","?/?","A/C","A/C","C/C","A/C","A/C","A/C","?/?","A/A","A/A","C/C","C/C","C/C","A/C","C/C","A/A","A/C","A/A","C/C","A/C","A/C","?/?","A/A","A/C","A/C","C/C","A/C","C/C","C/C","A/C","C/C","A/C","A/C","A/C","A/A","A/C","?/?","?/?","C/C","A/C","C/C","A/A","A/A","A/C","C/C","C/C","A/A","A/A","C/C","C/C","A/A","A/A","C/C","C/C","C/C","A/C","?/?","A/C","A/A","A/C","C/C","?/?","A/A","?/?","A/A","A/A","A/A","?/?","A/A","A/A","A/C","A/A","A/C","A/C","A/C","C/C","A/C","A/C","A/A","C/C","C/C","C/C","C/C","?/?","A/C","A/A","A/C","C/C","A/C","C/C","?/?","A/A","A/A","A/C","C/C","A/A","A/C","A/C","A/A","A/C","C/C","A/C","?/?","A/A","A/A","A/C","A/A","A/C","A/A","C/C","A/C","A/A","C/C","A/A","A/C","A/C","A/C","A/C","A/C","A/C","C/C","A/C","A/A","A/C","A/A","C/C","C/C","A/C","?/?","C/C","C/C","?/?","?/?","C/C","A/A","A/A","A/C","C/C","A/C","A/A","A/C","A/C","A/C","A/C","?/?","A/C","C/C","A/C","A/C","A/C","C/C","C/C","C/C","A/C","A/C","A/C","C/C","A/C","A/C","?/?","A/C","A/C","?/?","A/C","?/?","A/A","C/C","C/C","C/C","C/C","A/C","A/C","A/C","A/C","A/A","A/C","?/?","C/C","A/A","C/C","?/?","A/C","C/C","A/A","C/C","A/C","C/C","C/C","C/C","?/?","A/C","C/C","?/?","A/C","C/C","?/?","A/A","C/C","A/C","?/?","A/C","A/C","A/C","A/C","C/C","A/C","C/C","A/C","?/?","A/A","A/C","A/A","A/C","A/C","A/A","A/C","A/C","A/C","A/A","C/C","A/C","?/?","A/C","A/C","A/A","A/A","A/C","C/C","A/C","A/C","?/?","A/C","A/C","A/C","A/C","C/C","A/C","A/C","A/A","A/A","A/C","A/C","A/A","A/C","A/A","A/C","A/A","C/C","A/A","C/C","A/A","?/?","?/?","A/A","A/A","A/A","A/C","A/C","C/C","A/C","A/C","A/C","C/C","?/?","?/?","A/A","A/C","C/C","C/C","A/A","A/A","A/C","C/C","A/C","A/A","A/C","C/C","C/C","C/C","A/A","A/C","C/C","A/A","C/C","C/C","A/C","A/C","?/?","A/C","C/C","A/C","C/C","C/C","C/C","A/C","A/C","A/C","C/C","A/A","A/A","A/A","A/C","?/?","A/A","A/A","A/C","A/A","A/A","A/C","A/A","A/A","C/C","C/C","A/C","A/A","A/C","C/C","A/C","A/A","A/C","C/C","C/C","A/C","A/C","A/C","A/C","C/C","A/C","A/A","?/?","C/C","A/C","A/C","?/?","A/C","?/?","C/C","C/C","A/C","A/C","C/C","A/C","C/C","A/C","C/C","C/C","A/A","A/A","A/C","C/C","A/C","C/C","C/C","A/A","A/C","A/C","A/C","?/?","A/C","A/A","?/?","?/?","A/C","A/C","?/?","A/A","C/C","A/C","C/C","A/A","A/C","A/A","C/C","A/C","A/C","C/C","A/A","A/A","?/?","C/C","?/?","?/?","A/A","?/?","A/A","C/C","A/A","C/C","C/C","?/?","A/A","C/C","C/C","A/A","C/C","?/?","A/A","A/C","A/A","A/A","A/A","C/C","C/C","C/C","C/C","C/C","A/A","A/C","C/C","A/C","A/C","A/C","C/C","A/A","A/A","C/C","C/C","A/C","A/C","A/A","C/C","A/C","A/C","A/A","C/C","C/C","A/C","A/C","A/C","A/A","A/C","A/C","A/C","A/A","C/C","A/A","A/A","C/C","C/C","C/C","A/A","A/A","C/C","C/C","C/C","C/C","C/C","A/A","A/A","A/A","A/A","A/A","A/A","A/A","?/?","A/A","A/A","A/A","C/C","C/C","C/C","C/C","?/?","A/A","A/A","A/A","A/A","A/A","C/C","C/C","C/C","A/A","A/A","?/?","C/C","A/A","A/A","A/A"
"89","PZD00044.3",6392,"7","158728045","","","PZD00044","zmm28","zmm28","candidate",8354,11748,0,0,0,"A/A","A/A","A/A","A/A","A/A","A/A","A/A","A/A","A/A","A/A","A/A","A/A","A/A","A/A","A/A","A/A","A/A","A/A","A/A","A/A","A/A","?/?","A/A","A/A","A/A","A/A","A/A","A/A","A/A","A/A","A/A","A/A","A/A","A/A","A/A","A/A","A/A","A/A","A/A","A/A","A/A","A/A","A/A","A/A","A/A","A/A","A/A","A/A","A/A","A/A","A/A","A/A","A/A","A/T","A/A","A/A","A/A","A/A","A/A","A/T","A/A","A/A","A/A","A/A","A/A","A/A","?/?","A/A","A/A","A/A","A/A","A/A","A/A","A/A","A/A","A/A","A/A","A/A","A/A","A/A","A/A","A/A","A/A","A/T","A/A","A/A","A/A","A/A","A/A","A/A","A/A","A/A","A/A","A/A","A/A","A/A","A/A","A/A","A/A","A/A","A/A","A/A","A/A","A/A","A/A","A/A","A/A","A/A","A/A","A/A","A/A","A/A","A/A","A/A","A/A","A/A","A/A","A/A","A/A","A/A","?/?","A/A","A/A","A/A","A/A","A/A","A/A","A/A","A/A","A/A","A/A","A/A","A/A","A/A","A/A","A/A","A/A","A/A","A/A","A/A","A/A","A/A","A/A","A/A","A/A","A/A","A/A","A/A","A/A","A/A","A/A","A/A","A/A","A/A","A/A","A/A","A/A","A/A","A/A","A/A","A/A","A/A","A/T","A/A","A/A","A/A","A/A","A/A","A/A","A/A","T/T","A/T","A/A","A/A","A/A","A/A","A/A","A/A","A/A","A/A","A/A","A/A","A/A","A/A","A/A","A/A","A/A","A/A","A/T","A/A","A/A","A/T","A/A","?/?","A/A","A/A","A/A","A/A","A/A","A/A","A/A","A/A","A/A","A/A","A/A","A/A","A/A","A/A","A/A","A/A","A/A","A/A","A/A","A/A","A/A","A/A","A/A","A/A","A/A","A/A","A/A","A/A","A/A","A/A","A/A","A/A","A/A","A/A","A/A","A/A","A/A","A/A","A/A","A/A","A/A","A/A","A/A","A/A","A/A","A/A","A/T","A/A","A/A","A/A","A/A","A/A","A/A","A/A","A/A","A/A","A/A","?/?","A/A","A/A","A/A","A/A","A/T","A/A","A/A","A/A","A/A","A/T","A/T","A/A","A/A","A/A","A/A","A/A","A/A","A/T","A/A","A/T","?/?","A/A","?/?","A/A","A/A","A/A","A/A","A/A","A/A","A/A","A/A","A/A","A/A","A/T","A/A","A/A","A/A","A/A","A/A","A/A","A/A","A/A","?/?","A/A","A/A","A/A","?/?","T/T","A/T","A/A","A/T","A/T","T/T","A/T","A/A","A/A","A/A","A/A","A/A","A/T","A/A","A/A","A/A","A/A","A/A","A/A","A/A","A/A","A/A","A/A","A/A","A/A","A/A","A/A","A/A","A/A","A/T","A/A","A/A","A/A","?/?","A/A","A/A","A/A","A/A","A/A","A/A","A/A","A/A","A/A","A/T","A/A","A/A","A/A","A/A","A/A","A/A","A/A","A/A","A/A","A/A","A/A","A/A","A/A","A/A","A/T","A/A","A/T","?/?","A/A","A/A","A/A","A/A","A/A","A/A","A/T","A/A","A/A","A/A","A/A","A/T","A/A","A/A","A/A","A/T","A/A","A/A","A/T","A/A","A/T","A/A","?/?","A/A","A/A","A/A","A/A","A/A","A/A","A/A","A/A","A/A","A/A","A/T","A/A","A/A","A/A","A/A","A/T","A/A","A/A","A/T","?/?","A/A","A/A","A/T","?/?","A/A","A/A","A/A","A/A","A/A","A/A","A/A","A/T","A/A","A/A","A/T","A/A","A/A","A/A","A/A","A/A","T/T","A/A","A/A","A/A","A/A","A/A","A/A","A/A","A/A","A/A","A/A","A/A","A/A","A/A","?/?","A/A","A/A","A/A","A/A","A/A","A/A","A/A","A/A","A/A","A/A","A/A","A/A","A/A","A/A","A/A","A/A","A/A","A/A","A/A","A/T","A/A","A/A","A/A","A/A","A/A","A/A","A/A","A/A","A/A","A/A","A/A","A/A","A/A","A/A","A/A","A/A","A/A","A/A","A/A","A/A","A/A","A/A","A/A","A/A","A/A","A/A","A/A","A/A","A/A","A/A","A/A","A/A","A/A","A/A","A/A","A/A","A/A","A/A","A/T","A/A","A/A","A/A","A/A","A/T","A/A","A/A","A/A","A/A","A/A","A/A","A/A","A/A","A/A","A/A","A/A","A/A","A/A","A/A","A/A","A/A","A/A","A/A","A/A","A/A","A/A","A/A","A/A","A/A","A/A","A/A","A/A","A/A","A/A","A/A","A/A","A/A","A/A","A/A","A/A","A/A","A/A","A/A","A/A","A/A","A/A","A/A","A/A","A/A","A/A","A/A","A/A","A/A","A/A","A/A","A/A","A/A","A/A","A/A","A/A","A/A","A/A","A/A","A/A","A/A","A/A","A/A","A/A","A/A","A/A","A/A","A/A","A/A","A/A","A/A","A/A","A/A","A/A","A/A","A/A","A/A","A/A","A/A","A/A","A/A","A/A","A/T","A/A","A/A","A/A","A/A","A/A","A/A","A/A","A/A","A/A","A/A","A/A","A/A","A/A","A/A","A/A","A/A","A/A","A/A","A/A","A/A","A/A","A/A","A/A","A/A","A/A","A/A","A/A","A/A","A/A","A/A","A/A","A/A","A/A","?/?","?/?","A/A","A/A","A/A","A/T","A/A","A/A","A/A","?/?","A/A","A/A","A/A","A/A","A/A","A/A","A/T","A/T","A/A","A/A","A/A","A/A","A/A","A/A","A/A","A/A","A/T","?/?","A/A","A/T","A/T","A/A","A/A","A/A","A/T","A/A","A/A","A/T","A/A","A/A","A/A","A/A","A/A","A/A","A/A","A/A","A/A","A/A","A/A","A/A","A/A","A/A","A/A","A/A","?/?","A/A","A/A","A/A","?/?","A/A","A/A","A/A","A/A","A/A","A/A","A/A","A/A","?/?","A/A","A/A","A/A","A/A","A/T","A/A","A/A","A/A","A/A","A/A","A/A","A/A","A/A","A/A","A/A","A/A","A/A","A/A","A/A","A/A","A/A","A/A","A/A","A/A","A/A","A/A","A/A","A/A","A/A","A/A","A/A","A/A","A/A","A/A","A/A","A/A","A/A","A/A","A/A","A/A","A/A","A/A","A/A","A/A","A/A","A/A","A/A","A/A","A/A","A/A","A/A","A/A","A/A","A/A","A/A","A/A","A/A","A/A","A/A","A/A","A/A","A/A","A/A","T/T","A/A","A/A","A/A","A/A","A/A","A/A","A/A","A/A","A/A","A/A","A/A","A/A","A/A","A/A","A/A","A/A","A/A","A/A","A/A","A/A","A/A","A/A","A/T","A/A","A/A","A/T","A/A","A/A","A/A","A/A","A/A","A/A","A/A","A/A","A/A","A/A","A/A","A/A","A/A","A/A","A/A","A/A","A/A","A/A","A/A","A/A","A/A","A/A","?/?","A/A","A/A","A/A","A/A","A/A","A/A","A/A","A/A","A/A","A/A","A/A","A/A","A/A","A/A","A/T","A/A","A/A","A/A","A/A","A/A","A/A","A/A","A/A","A/A","?/?","A/A","A/A","A/A","A/A","A/A","A/T","A/T","A/A","T/T","A/A","A/T","A/A","A/A","A/A","A/A","A/A","A/A","A/A","A/T","A/A","A/A","A/T","A/A","A/A","A/A","A/A","A/A","A/A","A/A","A/A","A/A","A/A","A/A","A/A","A/A","A/A","A/A","A/A","A/A","A/A","A/T","A/A","A/A","A/T","A/A","A/A","A/A","A/A","A/A","A/A","A/A","A/A","A/A","A/A","A/A","A/A","A/A","A/A","A/A","A/A","A/A","A/A","A/A","A/A","A/A","A/A","A/A","A/A","A/A","A/A","?/?","A/A","A/A","A/A","A/A","A/A","A/A","A/A","A/A","A/A","A/A","A/A","A/T","A/T","A/A","A/T","A/A","A/A","A/A","A/A","A/A","A/A","A/A","A/A","A/A","A/A","A/A","A/A","A/A","A/A","A/A","A/A","A/A","A/A","A/A","A/A","A/A","A/A","A/A","A/A","A/A","A/A","A/A","A/A","A/A","A/A","A/A","A/A","A/A","A/A","A/A","A/A","A/A","A/A","A/A","A/A","A/A","A/A","A/A","A/A","A/A","A/A","A/A","A/A","A/A","A/A","A/A","A/A","A/A","A/A","A/A","A/A","A/A","A/A","A/A","A/A","A/A","A/A","A/A","A/A","A/A"
"94","PZD00045.4",6398,"7","158728965","","","PZD00045","zmm28","zmm28","candidate",8359,11753,0,0,0,"G/G","G/G","G/G","G/G","G/G","G/G","A/G","A/G","A/G","G/G","G/G","G/G","G/G","G/G","A/G","A/G","G/G","A/A","A/G","G/G","G/G","G/G","G/G","A/G","G/G","G/G","A/G","A/A","G/G","A/G","A/G","A/A","A/A","A/G","A/G","A/G","A/A","A/G","G/G","A/G","G/G","G/G","G/G","G/G","A/A","?/?","?/?","?/?","A/A","G/G","A/G","G/G","?/?","G/G","G/G","G/G","A/G","G/G","G/G","A/G","G/G","A/G","A/G","G/G","A/G","A/G","A/G","G/G","G/G","?/?","A/G","G/G","A/A","G/G","A/G","?/?","A/G","G/G","G/G","A/G","A/G","A/G","A/G","G/G","G/G","A/G","A/G","G/G","G/G","A/G","G/G","?/?","G/G","G/G","G/G","G/G","G/G","G/G","G/G","G/G","G/G","G/G","G/G","A/G","A/G","?/?","G/G","G/G","G/G","G/G","G/G","?/?","G/G","G/G","G/G","G/G","G/G","G/G","G/G","G/G","G/G","G/G","G/G","G/G","G/G","G/G","G/G","G/G","?/?","G/G","G/G","G/G","G/G","G/G","G/G","G/G","G/G","G/G","G/G","G/G","G/G","G/G","G/G","G/G","G/G","G/G","G/G","G/G","G/G","G/G","G/G","G/G","G/G","G/G","G/G","G/G","G/G","G/G","G/G","G/G","G/G","G/G","A/G","A/G","G/G","G/G","G/G","A/G","G/G","G/G","G/G","G/G","G/G","G/G","G/G","G/G","A/A","G/G","A/G","G/G","G/G","G/G","G/G","G/G","G/G","G/G","G/G","G/G","A/G","A/G","G/G","A/G","A/G","G/G","?/?","A/G","G/G","G/G","G/G","G/G","A/G","G/G","A/A","G/G","G/G","G/G","?/?","A/G","G/G","A/G","G/G","A/G","A/G","G/G","A/A","G/G","A/A","A/A","A/G","A/G","A/G","G/G","G/G","G/G","A/A","A/G","G/G","A/G","A/G","A/A","A/A","A/G","G/G","A/A","A/G","A/A","A/G","A/G","A/G","A/A","G/G","G/G","A/A","G/G","A/G","G/G","A/G","G/G","G/G","A/A","A/G","G/G","A/G","G/G","A/A","A/G","A/G","G/G","G/G","A/G","A/G","A/G","G/G","G/G","G/G","G/G","A/G","A/G","?/?","G/G","A/A","G/G","A/G","A/A","A/A","A/A","A/A","A/G","A/A","A/G","G/G","A/A","G/G","A/A","A/G","G/G","A/A","G/G","A/G","G/G","G/G","G/G","G/G","?/?","A/G","A/G","G/G","G/G","G/G","G/G","G/G","A/G","G/G","?/?","G/G","G/G","G/G","A/G","G/G","G/G","A/G","G/G","G/G","G/G","G/G","G/G","G/G","A/G","G/G","?/?","?/?","A/G","G/G","G/G","A/G","G/G","A/G","A/G","G/G","G/G","A/G","G/G","A/G","A/G","?/?","G/G","?/?","G/G","A/G","?/?","A/G","?/?","A/G","?/?","A/G","G/G","?/?","A/G","G/G","G/G","A/G","A/G","A/A","A/G","G/G","G/G","G/G","A/G","A/G","G/G","A/G","G/G","A/G","A/A","G/G","A/G","A/G","?/?","G/G","G/G","A/G","A/A","A/G","G/G","G/G","A/G","G/G","A/G","G/G","G/G","G/G","G/G","A/G","G/G","A/G","A/G","A/G","A/A","G/G","A/A","G/G","A/G","A/G","A/G","G/G","G/G","G/G","G/G","A/G","G/G","G/G","G/G","G/G","G/G","G/G","A/A","A/G","A/G","A/G","A/G","A/A","A/A","G/G","A/G","G/G","A/G","A/A","?/?","G/G","A/G","G/G","G/G","G/G","A/G","G/G","A/G","A/G","G/G","G/G","A/G","G/G","A/G","A/G","A/A","A/G","G/G","A/G","G/G","G/G","G/G","A/G","G/G","G/G","A/G","A/G","A/G","A/G","G/G","G/G","G/G","G/G","G/G","A/G","A/G","G/G","A/G","G/G","A/G","G/G","A/A","A/A","G/G","?/?","A/G","G/G","A/G","A/A","A/A","A/G","G/G","G/G","G/G","A/G","A/G","A/G","G/G","A/G","G/G","G/G","A/G","G/G","A/A","G/G","G/G","G/G","G/G","G/G","G/G","A/A","A/G","G/G","A/A","A/G","A/A","A/G","G/G","G/G","G/G","G/G","?/?","G/G","?/?","G/G","A/G","G/G","G/G","G/G","A/A","?/?","A/A","A/G","A/G","G/G","A/G","G/G","A/A","A/G","A/A","A/G","A/G","A/A","A/G","A/G","A/A","A/G","G/G","A/G","A/A","A/A","A/A","A/G","G/G","A/A","A/G","A/G","?/?","A/G","?/?","G/G","G/G","A/G","A/G","A/A","G/G","G/G","A/A","A/A","A/G","G/G","A/A","A/A","A/A","?/?","G/G","G/G","G/G","A/G","A/A","A/G","G/G","?/?","G/G","?/?","G/G","A/A","G/G","G/G","A/G","G/G","G/G","G/G","G/G","A/A","A/G","A/G","G/G","A/A","A/A","G/G","G/G","A/A","A/G","G/G","?/?","A/G","A/G","A/G","G/G","G/G","G/G","?/?","?/?","G/G","A/G","G/G","G/G","A/G","A/G","A/G","?/?","G/G","G/G","A/G","A/G","G/G","G/G","A/A","A/G","G/G","A/A","G/G","A/A","A/G","G/G","G/G","A/G","G/G","G/G","G/G","G/G","A/G","G/G","A/G","?/?","G/G","A/A","?/?","A/G","A/A","A/A","A/A","G/G","G/G","G/G","G/G","G/G","A/G","G/G","A/G","A/G","A/G","A/G","A/A","?/?","G/G","A/G","?/?","G/G","A/G","A/A","?/?","?/?","G/G","A/A","A/G","G/G","?/?","A/G","A/G","A/G","A/G","G/G","G/G","?/?","G/G","A/A","A/G","A/G","A/A","A/G","A/G","G/G","G/G","A/G","A/G","G/G","?/?","G/G","G/G","A/G","G/G","G/G","?/?","A/G","A/A","A/G","A/G","A/G","A/A","A/G","G/G","G/G","A/G","G/G","G/G","?/?","A/G","G/G","A/G","A/G","A/A","G/G","A/G","A/G","A/G","A/A","G/G","A/G","G/G","A/G","A/G","G/G","A/G","A/G","A/G","G/G","A/A","A/G","G/G","A/G","A/G","G/G","G/G","A/G","A/A","A/G","?/?","A/A","A/G","A/G","A/G","G/G","A/A","A/G","A/G","G/G","A/A","A/A","G/G","A/G","A/G","A/G","A/G","G/G","?/?","A/A","A/A","G/G","A/G","G/G","G/G","A/A","A/A","G/G","A/G","A/A","A/G","A/G","?/?","A/A","A/G","G/G","A/G","G/G","A/A","A/A","A/G","A/G","G/G","A/A","?/?","A/G","G/G","A/A","A/A","A/G","A/G","A/G","A/A","G/G","A/A","A/A","A/G","A/G","A/A","A/G","A/A","A/G","A/A","A/G","A/G","G/G","A/G","A/G","A/A","G/G","G/G","G/G","A/G","A/G","G/G","G/G","A/G","?/?","G/G","A/G","G/G","G/G","G/G","G/G","A/G","G/G","A/G","?/?","A/G","G/G","A/G","A/A","?/?","G/G","A/G","G/G","A/G","A/G","A/G","G/G","A/G","?/?","G/G","G/G","G/G","?/?","A/G","A/A","A/G","?/?","A/G","A/A","A/G","A/G","A/G","A/A","?/?","G/G","G/G","G/G","A/A","G/G","A/A","A/G","G/G","G/G","G/G","G/G","A/A","G/G","G/G","G/G","A/A","A/G","A/A","A/G","A/A","G/G","G/G","G/G","G/G","G/G","A/G","A/A","A/G","A/A","A/G","G/G","G/G","G/G","?/?","G/G","G/G","G/G","G/G","A/G","G/G","G/G","A/A","G/G","G/G","G/G","G/G","G/G","G/G","A/A","G/G","G/G","G/G","G/G","G/G","G/G","A/G","A/G","A/A","A/A","A/A","G/G","A/G","A/G","G/G","G/G","A/G","A/G","G/G","G/G","G/G","G/G","G/G","G/G","G/G","G/G","G/G","G/G","G/G","G/G","G/G","G/G","G/G","G/G","G/G","G/G","G/G","G/G","G/G","G/G","G/G","G/G","A/A","A/A","A/A","G/G","G/G","G/G","G/G","G/G","A/A","A/A","A/A","A/A","G/G","G/G","G/G","G/G","G/G","A/A","A/A","A/A","A/G","A/A","A/A","A/A","G/G","G/G","G/G","G/G","G/G","G/G","G/G","G/G","G/G","G/G","G/G","G/G","G/G","G/G","A/A","A/A","A/A"
"92","PZD00045.2",6396,"7","158729314","","","PZD00045","zmm28","zmm28","candidate",8357,11751,0,0,0,"G/G","G/G","G/G","G/G","G/G","G/G","G/G","A/G","G/G","G/G","G/G","G/G","G/G","G/G","A/G","A/G","G/G","A/G","G/G","G/G","G/G","G/G","G/G","G/G","G/G","G/G","G/G","G/G","G/G","G/G","G/G","G/G","G/G","A/G","G/G","G/G","G/G","G/G","G/G","G/G","G/G","G/G","G/G","A/G","?/?","G/G","A/A","G/G","A/G","G/G","G/G","G/G","A/G","G/G","G/G","G/G","G/G","A/A","A/A","G/G","G/G","G/G","?/?","G/G","A/G","A/A","A/G","G/G","G/G","G/G","A/G","G/G","A/A","G/G","A/G","G/G","?/?","G/G","G/G","A/G","A/G","A/G","?/?","G/G","?/?","A/G","A/G","G/G","G/G","G/G","G/G","G/G","G/G","G/G","G/G","G/G","G/G","G/G","G/G","G/G","G/G","G/G","G/G","G/G","G/G","G/G","G/G","G/G","G/G","G/G","G/G","G/G","?/?","G/G","G/G","G/G","G/G","G/G","G/G","G/G","G/G","G/G","G/G","G/G","G/G","G/G","G/G","G/G","G/G","G/G","G/G","G/G","G/G","G/G","G/G","G/G","G/G","G/G","G/G","G/G","G/G","G/G","G/G","G/G","G/G","G/G","G/G","G/G","G/G","G/G","G/G","G/G","G/G","G/G","G/G","G/G","G/G","G/G","G/G","G/G","G/G","G/G","A/G","A/G","G/G","G/G","G/G","G/G","G/G","G/G","G/G","G/G","G/G","G/G","G/G","G/G","G/G","G/G","G/G","G/G","G/G","G/G","G/G","G/G","G/G","G/G","G/G","G/G","G/G","G/G","G/G","A/G","G/G","G/G","G/G","A/G","G/G","G/G","G/G","G/G","A/G","G/G","G/G","G/G","G/G","G/G","G/G","A/G","G/G","A/G","G/G","G/G","A/G","G/G","A/G","G/G","A/G","G/G","G/G","G/G","G/G","G/G","G/G","G/G","A/G","G/G","G/G","G/G","G/G","G/G","G/G","G/G","G/G","G/G","G/G","G/G","G/G","G/G","G/G","G/G","G/G","G/G","G/G","G/G","G/G","G/G","G/G","G/G","G/G","G/G","G/G","G/G","G/G","G/G","A/G","G/G","G/G","G/G","G/G","G/G","G/G","G/G","G/G","G/G","G/G","G/G","G/G","G/G","G/G","G/G","A/G","G/G","G/G","G/G","G/G","A/G","A/G","G/G","A/G","G/G","G/G","G/G","G/G","G/G","G/G","G/G","G/G","G/G","G/G","G/G","G/G","A/G","G/G","G/G","G/G","G/G","G/G","A/G","G/G","G/G","?/?","G/G","G/G","G/G","G/G","G/G","G/G","G/G","G/G","G/G","G/G","G/G","G/G","G/G","G/G","G/G","G/G","G/G","G/G","G/G","G/G","G/G","G/G","G/G","G/G","G/G","A/G","G/G","G/G","?/?","A/A","G/G","G/G","G/G","G/G","G/G","G/G","G/G","G/G","G/G","G/G","G/G","G/G","G/G","G/G","G/G","G/G","G/G","G/G","?/?","G/G","G/G","G/G","G/G","G/G","G/G","G/G","G/G","G/G","G/G","G/G","?/?","G/G","G/G","G/G","G/G","G/G","G/G","G/G","G/G","G/G","G/G","G/G","G/G","G/G","G/G","G/G","G/G","G/G","G/G","G/G","G/G","G/G","G/G","G/G","G/G","G/G","G/G","G/G","G/G","?/?","G/G","G/G","G/G","G/G","G/G","G/G","G/G","?/?","G/G","G/G","G/G","G/G","G/G","G/G","G/G","G/G","G/G","G/G","G/G","G/G","G/G","G/G","A/G","G/G","G/G","?/?","G/G","G/G","A/G","G/G","G/G","G/G","G/G","G/G","G/G","G/G","G/G","G/G","G/G","G/G","A/G","G/G","A/G","G/G","G/G","G/G","G/G","G/G","G/G","G/G","G/G","G/G","G/G","G/G","G/G","G/G","G/G","G/G","G/G","G/G","G/G","A/G","G/G","G/G","A/G","G/G","G/G","G/G","A/G","A/G","G/G","G/G","A/G","G/G","A/G","G/G","A/G","A/G","G/G","G/G","G/G","A/G","G/G","G/G","G/G","G/G","G/G","G/G","A/G","G/G","?/?","G/G","G/G","G/G","G/G","G/G","G/G","A/G","A/G","G/G","G/G","G/G","G/G","G/G","G/G","G/G","G/G","G/G","A/G","G/G","A/G","G/G","G/G","G/G","G/G","G/G","G/G","A/G","A/G","A/G","A/G","G/G","A/G","G/G","A/G","G/G","G/G","G/G","G/G","G/G","G/G","G/G","G/G","A/G","G/G","A/G","?/?","A/G","A/G","A/G","G/G","A/G","G/G","G/G","A/A","A/G","G/G","G/G","G/G","G/G","G/G","A/A","G/G","G/G","A/A","A/G","G/G","G/G","A/A","A/G","A/G","A/G","G/G","G/G","G/G","G/G","A/G","A/A","G/G","A/G","G/G","G/G","G/G","A/G","G/G","G/G","G/G","G/G","G/G","G/G","G/G","A/A","A/G","A/G","G/G","?/?","?/?","?/?","G/G","A/G","G/G","G/G","A/G","A/G","A/G","A/G","G/G","G/G","G/G","G/G","G/G","G/G","A/G","G/G","G/G","A/G","A/G","A/G","G/G","G/G","G/G","?/?","G/G","G/G","G/G","G/G","G/G","G/G","A/G","G/G","A/G","A/A","G/G","G/G","A/G","G/G","G/G","G/G","G/G","A/G","G/G","G/G","G/G","G/G","A/G","G/G","G/G","A/G","A/G","?/?","G/G","G/G","G/G","G/G","G/G","G/G","G/G","G/G","G/G","A/G","A/G","G/G","G/G","G/G","G/G","A/G","G/G","G/G","A/G","G/G","G/G","G/G","A/G","A/G","G/G","G/G","A/G","A/G","A/G","A/G","G/G","G/G","G/G","G/G","A/A","G/G","G/G","A/G","A/G","A/G","G/G","G/G","G/G","A/G","G/G","G/G","G/G","G/G","G/G","G/G","G/G","A/G","A/G","A/G","A/G","A/G","G/G","G/G","A/G","G/G","G/G","G/G","G/G","?/?","G/G","A/G","G/G","G/G","A/G","G/G","G/G","A/G","A/G","A/G","A/G","G/G","G/G","G/G","G/G","G/G","G/G","A/G","G/G","G/G","G/G","G/G","G/G","G/G","A/G","G/G","G/G","G/G","G/G","A/A","A/G","G/G","?/?","A/G","A/G","G/G","G/G","A/G","G/G","A/G","G/G","G/G","G/G","G/G","G/G","G/G","G/G","A/G","G/G","G/G","G/G","A/G","G/G","A/G","G/G","G/G","G/G","G/G","G/G","G/G","G/G","A/A","G/G","A/G","G/G","A/G","G/G","G/G","G/G","G/G","A/G","G/G","G/G","G/G","?/?","G/G","G/G","G/G","A/G","A/G","A/G","G/G","A/G","G/G","G/G","A/A","A/G","G/G","G/G","A/A","G/G","G/G","G/G","G/G","G/G","G/G","G/G","G/G","G/G","A/G","G/G","G/G","A/G","G/G","G/G","G/G","G/G","G/G","G/G","?/?","A/G","G/G","A/G","G/G","G/G","G/G","G/G","G/G","G/G","G/G","A/G","G/G","G/G","G/G","G/G","G/G","G/G","G/G","G/G","?/?","?/?","G/G","G/G","G/G","G/G","G/G","G/G","G/G","A/G","G/G","G/G","G/G","G/G","A/G","?/?","G/G","G/G","G/G","G/G","G/G","G/G","G/G","G/G","G/G","G/G","G/G","G/G","G/G","G/G","A/G","G/G","G/G","?/?","A/G","A/G","A/G","A/G","G/G","G/G","G/G","G/G","G/G","A/G","G/G","A/A","G/G","A/G","A/G","G/G","G/G","G/G","A/G","G/G","G/G","G/G","G/G","G/G","G/G","G/G","G/G","G/G","G/G","G/G","?/?","G/G","G/G","?/?","G/G","?/?","G/G","G/G","G/G","G/G","A/G","A/G","G/G","G/G","G/G","G/G","G/G","G/G","G/G","G/G","G/G","G/G","G/G","G/G","G/G","G/G","G/G","G/G","G/G","G/G","G/G","G/G","G/G","G/G","G/G","G/G","G/G","G/G","G/G","G/G","G/G","G/G","G/G","G/G","G/G","G/G","G/G","G/G","G/G","G/G","G/G","G/G","G/G","G/G","A/A","A/G","G/G","G/G","G/G","G/G","G/G","G/G","G/G","G/G","G/G","G/G","G/G","A/G","A/A","A/A","G/G","G/G","G/G","G/G","G/G","G/G","G/G","G/G","G/G","G/G","G/G","G/G","G/G","G/G","G/G","G/G","G/G"
"91","PZD00045.1",6395,"7","158729405","","","PZD00045","zmm28","zmm28","candidate",8356,11750,1,0,0,"T/T","T/T","A/A","?/?","T/T","T/T","A/T","?/?","A/A","A/T","T/T","T/T","T/T","A/T","T/T","T/T","T/T","A/T","A/T","T/T","A/T","T/T","T/T","A/T","T/T","T/T","A/T","A/A","T/T","A/T","A/T","A/A","A/A","T/T","A/T","A/T","A/A","A/T","T/T","A/T","T/T","T/T","T/T","T/T","T/T","T/T","T/T","T/T","A/A","T/T","A/T","T/T","T/T","T/T","T/T","T/T","A/T","T/T","A/T","A/T","T/T","A/T","A/T","T/T","T/T","T/T","A/T","T/T","T/T","A/T","T/T","T/T","T/T","T/T","T/T","T/T","T/T","T/T","T/T","A/T","T/T","T/T","T/T","T/T","T/T","T/T","T/T","T/T","T/T","A/T","A/T","T/T","A/T","T/T","T/T","T/T","T/T","T/T","A/T","T/T","T/T","T/T","A/A","A/T","A/A","T/T","T/T","T/T","T/T","A/T","T/T","T/T","T/T","T/T","T/T","T/T","T/T","T/T","T/T","T/T","T/T","T/T","T/T","T/T","T/T","T/T","T/T","T/T","T/T","T/T","?/?","A/T","A/T","T/T","T/T","A/T","T/T","A/T","T/T","T/T","A/T","A/T","T/T","T/T","T/T","T/T","T/T","T/T","T/T","T/T","T/T","T/T","T/T","T/T","T/T","T/T","A/T","T/T","T/T","T/T","T/T","T/T","T/T","T/T","T/T","T/T","T/T","A/T","T/T","T/T","T/T","T/T","T/T","T/T","T/T","T/T","A/A","T/T","A/T","T/T","T/T","T/T","T/T","T/T","T/T","T/T","?/?","T/T","A/T","A/T","T/T","T/T","A/T","T/T","T/T","T/T","T/T","T/T","T/T","T/T","T/T","T/T","A/A","T/T","T/T","T/T","T/T","T/T","T/T","T/T","T/T","A/T","T/T","T/T","A/T","T/T","A/T","A/A","A/T","A/T","A/T","T/T","A/A","T/T","A/T","A/T","T/T","A/T","A/T","A/A","A/A","A/T","T/T","A/A","A/T","A/A","A/T","A/T","A/T","A/A","T/T","T/T","A/A","T/T","A/T","T/T","A/T","T/T","T/T","A/A","A/T","A/T","A/T","?/?","A/T","A/T","A/T","T/T","T/T","A/T","A/T","A/T","T/T","T/T","T/T","T/T","A/T","A/T","A/T","T/T","A/T","T/T","A/T","A/A","A/A","A/T","A/T","A/T","A/T","A/T","T/T","A/A","T/T","A/A","A/T","T/T","A/A","T/T","A/T","T/T","T/T","T/T","T/T","A/T","A/T","A/T","A/T","T/T","T/T","T/T","T/T","A/T","T/T","T/T","T/T","T/T","A/T","A/T","T/T","T/T","A/T","T/T","T/T","A/T","A/T","T/T","T/T","A/T","T/T","A/T","A/T","A/T","T/T","T/T","A/T","T/T","T/T","A/T","A/T","T/T","T/T","T/T","A/T","A/T","A/T","T/T","A/T","T/T","A/T","A/T","A/T","T/T","A/T","T/T","A/T","T/T","A/T","A/T","T/T","T/T","A/T","A/T","A/A","A/T","T/T","T/T","A/A","A/T","A/T","A/T","A/T","?/?","A/T","A/A","T/T","A/T","A/A","A/T","T/T","T/T","A/T","A/A","A/T","T/T","T/T","A/T","T/T","A/T","A/T","T/T","T/T","T/T","A/T","T/T","A/T","A/T","A/T","A/A","T/T","A/T","T/T","A/T","A/T","A/T","T/T","T/T","A/T","T/T","A/T","T/T","A/A","T/T","T/T","T/T","?/?","A/A","T/T","A/A","A/A","A/T","A/A","A/A","T/T","T/T","T/T","A/T","T/T","A/T","T/T","T/T","A/T","T/T","T/T","A/T","T/T","A/T","A/T","T/T","T/T","A/T","T/T","T/T","A/T","A/T","A/T","T/T","A/T","A/T","T/T","A/T","A/T","T/T","T/T","T/T","A/T","A/T","A/T","T/T","T/T","T/T","T/T","T/T","A/T","T/T","T/T","A/T","A/T","A/T","T/T","A/T","A/T","T/T","A/T","T/T","T/T","T/T","A/A","A/T","T/T","T/T","T/T","T/T","T/T","A/T","A/T","T/T","A/T","T/T","T/T","T/T","A/T","A/A","T/T","T/T","T/T","T/T","T/T","T/T","?/?","T/T","T/T","A/A","A/T","A/A","A/T","T/T","T/T","T/T","T/T","T/T","T/T","T/T","T/T","A/T","T/T","T/T","T/T","A/A","T/T","A/T","T/T","T/T","T/T","T/T","T/T","A/T","A/T","A/A","A/T","A/T","A/A","A/T","A/T","A/A","T/T","T/T","T/T","T/T","A/T","A/T","T/T","T/T","A/T","A/T","A/T","T/T","T/T","A/T","T/T","T/T","A/T","A/T","T/T","T/T","T/T","T/T","A/T","A/T","T/T","T/T","A/T","A/T","T/T","T/T","T/T","T/T","A/T","A/T","T/T","T/T","T/T","T/T","T/T","T/T","A/T","T/T","T/T","A/T","T/T","T/T","T/T","T/T","T/T","T/T","T/T","T/T","T/T","T/T","T/T","T/T","A/T","?/?","T/T","T/T","T/T","T/T","T/T","T/T","T/T","T/T","A/T","A/T","T/T","T/T","T/T","T/T","T/T","T/T","T/T","A/T","T/T","T/T","T/T","A/T","A/T","T/T","A/A","A/T","T/T","A/T","T/T","A/T","T/T","T/T","T/T","T/T","T/T","T/T","T/T","T/T","T/T","?/?","A/T","A/T","T/T","A/T","A/A","A/T","A/T","A/T","T/T","T/T","T/T","T/T","T/T","T/T","A/T","A/T","A/T","A/T","T/T","A/T","?/?","T/T","T/T","A/T","T/T","T/T","A/T","A/T","A/T","A/T","T/T","A/T","T/T","T/T","T/T","T/T","T/T","A/T","T/T","T/T","T/T","A/T","A/A","T/T","A/T","A/T","A/T","T/T","T/T","T/T","T/T","A/T","T/T","T/T","A/T","T/T","T/T","A/A","T/T","T/T","T/T","T/T","A/T","T/T","T/T","A/T","A/A","T/T","T/T","T/T","A/T","T/T","T/T","A/T","T/T","T/T","A/T","T/T","A/A","T/T","T/T","T/T","T/T","A/T","T/T","A/T","T/T","A/T","A/T","T/T","T/T","A/T","A/T","T/T","A/A","A/T","T/T","T/T","A/T","T/T","T/T","A/T","T/T","T/T","A/T","A/T","T/T","T/T","A/T","T/T","A/T","A/T","T/T","T/T","A/A","A/A","T/T","A/T","A/T","A/T","T/T","T/T","A/A","A/A","A/T","T/T","T/T","T/T","T/T","A/A","A/A","T/T","A/T","A/A","T/T","A/T","T/T","A/A","A/T","T/T","A/T","T/T","A/A","A/T","A/T","A/T","A/T","T/T","A/T","A/T","T/T","A/T","A/T","T/T","A/T","T/T","A/A","T/T","T/T","A/T","A/T","A/T","T/T","A/T","A/A","A/T","A/A","A/T","A/T","?/?","A/T","A/T","A/T","T/T","T/T","T/T","A/T","A/T","T/T","T/T","A/T","T/T","T/T","A/T","T/T","T/T","T/T","T/T","A/T","?/?","A/T","A/T","A/T","T/T","A/T","A/A","A/T","T/T","A/T","A/T","A/T","A/T","A/T","T/T","A/T","A/T","T/T","T/T","T/T","A/T","A/T","A/T","A/T","A/T","A/T","A/A","T/T","T/T","A/T","A/A","A/T","T/T","T/T","T/T","A/A","T/T","A/A","A/A","T/T","A/T","A/T","T/T","A/T","T/T","T/T","T/T","A/T","T/T","A/T","T/T","A/A","T/T","T/T","T/T","T/T","T/T","A/T","T/T","A/T","A/T","T/T","T/T","T/T","T/T","T/T","T/T","T/T","T/T","T/T","A/T","T/T","T/T","A/A","T/T","T/T","T/T","T/T","T/T","T/T","T/T","T/T","T/T","T/T","T/T","T/T","T/T","T/T","T/T","A/A","A/A","A/A","T/T","A/T","A/T","T/T","T/T","A/T","A/T","T/T","T/T","A/A","A/A","T/T","A/T","T/T","A/A","A/T","A/T","T/T","A/A","A/A","A/T","?/?","A/T","T/T","A/T","?/?","A/T","T/T","A/A","T/T","T/T","A/A","A/A","?/?","T/T","T/T","A/A","A/A","A/A","T/T","T/T","A/A","A/A","T/T","T/T","T/T","T/T","T/T","A/A","A/A","A/A","?/?","T/T","T/T","T/T","T/T","T/T","T/T","T/T","T/T","T/T","T/T","A/A","A/A","A/A","T/T","T/T","T/T","?/?","A/A","A/A","A/A"
"93","PZD00045.3",6397,"7","158729616","","","PZD00045","zmm28","zmm28","candidate",8358,11752,0,0,0,"G/T","G/T","G/G","G/T","T/T","T/T","G/G","G/T","G/G","G/T","G/T","T/T","T/T","G/T","G/G","G/G","T/T","G/G","G/T","T/T","G/T","T/T","T/T","G/T","T/T","T/T","G/T","G/G","T/T","G/G","G/G","G/G","G/G","G/T","G/T","G/T","G/G","G/T","G/T","G/T","G/T","T/T","T/T","T/T","G/G","T/T","?/?","?/?","G/G","T/T","G/T","T/T","G/G","T/T","T/T","T/T","G/T","T/T","G/T","G/T","T/T","G/T","G/T","T/T","G/T","G/T","G/T","T/T","T/T","G/G","G/T","T/T","?/?","T/T","G/T","?/?","G/T","G/T","G/T","G/G","G/T","G/G","G/T","T/T","T/T","G/T","G/T","T/T","G/T","G/T","G/T","T/T","G/T","T/T","T/T","T/T","T/T","T/T","G/T","T/T","T/T","T/T","G/G","G/T","G/G","?/?","T/T","T/T","G/G","G/T","T/T","T/T","T/T","G/T","T/T","?/?","T/T","G/T","T/T","T/T","G/G","T/T","?/?","T/T","G/T","G/T","G/T","T/T","?/?","G/T","G/G","G/T","G/T","T/T","T/T","G/T","T/T","G/T","T/T","G/T","G/T","G/T","T/T","G/T","T/T","T/T","G/T","G/G","G/T","G/T","T/T","G/T","G/G","T/T","T/T","G/T","G/T","T/T","T/T","G/G","G/T","T/T","G/T","G/T","T/T","T/T","T/T","G/T","T/T","T/T","T/T","T/T","T/T","T/T","T/T","T/T","G/G","G/T","G/T","T/T","G/T","T/T","T/T","T/T","T/T","G/T","T/T","T/T","G/T","G/T","G/T","G/T","G/T","T/T","?/?","G/T","T/T","G/T","T/T","T/T","G/T","G/T","G/G","T/T","T/T","T/T","?/?","G/T","T/T","G/T","G/T","G/T","G/T","G/T","G/G","T/T","G/G","G/G","G/T","G/T","G/T","T/T","G/G","T/T","G/G","G/T","G/G","G/T","G/G","G/G","G/G","G/G","G/T","G/G","G/T","G/G","G/T","G/T","G/T","G/G","G/T","G/T","G/G","G/T","G/T","G/T","G/T","T/T","G/T","G/G","G/T","G/G","G/T","T/T","G/G","G/G","G/T","T/T","G/T","G/T","G/T","G/T","T/T","T/T","G/T","T/T","G/G","G/T","G/G","G/T","G/G","G/T","G/G","G/G","G/G","G/G","G/G","G/T","G/G","G/T","G/G","G/G","G/T","G/G","G/T","G/T","G/G","G/G","G/T","G/T","T/T","G/T","T/T","G/G","G/T","G/T","G/G","G/T","G/T","T/T","T/T","G/G","T/T","?/?","T/T","G/T","G/T","G/G","T/T","T/T","G/G","T/T","T/T","G/T","G/G","T/T","G/T","G/G","T/T","G/G","G/T","G/T","T/T","T/T","G/T","G/T","G/G","G/G","G/T","T/T","G/T","T/T","G/T","G/T","G/T","G/T","G/T","T/T","G/T","G/T","G/T","T/T","G/T","T/T","G/G","T/T","?/?","G/T","T/T","G/T","G/T","G/T","G/G","G/T","G/T","T/T","G/G","G/T","G/T","G/T","G/T","T/T","G/T","G/G","G/T","G/T","G/G","G/G","T/T","G/T","G/T","G/G","G/T","T/T","G/G","G/T","T/T","G/T","G/G","G/T","G/T","T/T","G/T","T/T","G/T","G/T","G/T","G/G","G/T","G/T","T/T","G/T","G/T","G/T","T/T","G/T","G/T","T/T","G/G","T/T","G/G","T/T","T/T","T/T","G/T","G/G","T/T","G/G","G/G","G/T","G/G","G/G","T/T","G/T","T/T","G/T","G/G","G/T","T/T","G/T","G/T","T/T","T/T","G/T","T/T","G/T","G/T","T/T","T/T","G/T","T/T","G/T","G/T","G/G","G/T","T/T","G/G","G/T","T/T","G/T","G/T","T/T","G/T","T/T","G/G","G/G","G/T","T/T","G/G","G/T","T/T","T/T","G/G","T/T","T/T","G/G","G/T","G/T","T/T","G/G","G/G","T/T","G/T","G/T","T/T","G/T","G/G","G/G","G/T","T/T","T/T","G/T","G/T","G/G","G/T","T/T","G/T","T/T","T/T","G/T","G/T","G/G","T/T","T/T","T/T","T/T","T/T","G/T","G/G","G/T","G/G","G/G","G/T","?/?","G/T","G/T","T/T","G/T","T/T","G/T","G/T","G/T","T/T","G/T","G/G","T/T","T/T","G/G","G/T","G/G","G/T","G/T","T/T","G/T","T/T","G/G","G/T","G/G","G/T","G/T","G/G","G/T","G/T","G/G","G/T","T/T","G/T","G/G","G/G","G/G","G/T","T/T","G/G","G/T","G/T","G/T","?/?","G/T","T/T","T/T","G/T","G/T","G/G","T/T","G/T","G/G","G/G","G/T","G/T","G/G","G/G","G/G","?/?","T/T","T/T","T/T","G/T","G/G","G/T","T/T","G/T","T/T","?/?","T/T","G/G","T/T","T/T","G/T","T/T","T/T","T/T","T/T","G/G","G/T","G/T","T/T","G/G","G/G","T/T","T/T","G/G","G/T","T/T","G/T","G/T","G/T","G/G","G/G","G/T","T/T","G/T","?/?","G/G","G/T","T/T","T/T","G/G","G/G","G/T","G/G","T/T","G/T","G/T","G/T","G/T","G/T","G/G","G/T","G/G","G/G","G/G","G/G","G/T","T/T","T/T","G/T","T/T","T/T","T/T","T/T","G/T","T/T","G/T","G/T","T/T","G/G","?/?","G/T","G/G","G/G","G/G","T/T","T/T","T/T","G/T","T/T","G/T","G/T","?/?","G/T","G/T","G/G","G/G","G/T","T/T","?/?","G/T","T/T","G/T","G/G","G/T","G/T","T/T","G/G","G/T","T/T","T/T","G/T","G/T","?/?","G/T","T/T","T/T","G/T","G/G","G/G","G/G","G/T","G/G","G/T","G/T","T/T","T/T","G/T","G/T","T/T","G/T","T/T","T/T","G/G","T/T","T/T","G/T","G/T","?/?","G/T","G/T","G/T","G/G","G/T","T/T","T/T","G/T","T/T","G/T","G/T","G/T","T/T","G/T","G/T","G/G","T/T","G/T","G/T","?/?","G/G","T/T","G/T","T/T","G/T","G/T","T/T","G/G","G/T","G/T","T/T","G/G","G/T","T/T","G/G","G/T","T/T","T/T","G/T","G/G","G/T","G/T","G/G","G/T","G/T","G/T","T/T","G/G","G/T","G/G","T/T","G/G","G/G","T/T","G/T","G/T","G/T","G/T","T/T","G/G","G/G","G/G","T/T","G/T","T/T","T/T","G/G","G/G","G/T","G/T","G/G","G/T","G/T","G/T","G/G","G/G","T/T","G/T","G/T","G/G","G/G","G/G","G/G","G/T","G/G","G/T","G/G","T/T","G/G","G/G","G/T","G/T","G/T","G/G","G/T","G/G","G/G","G/T","G/G","G/G","G/T","G/G","G/T","G/G","G/T","G/T","G/T","G/T","G/T","G/G","T/T","G/T","G/G","G/T","G/T","T/T","T/T","G/T","T/T","G/G","G/G","T/T","G/T","T/T","T/T","G/T","T/T","G/T","G/T","G/T","G/T","G/T","G/G","?/?","T/T","?/?","G/T","G/T","G/T","G/T","T/T","?/?","G/T","T/T","T/T","T/T","G/G","G/T","G/G","G/T","G/T","G/G","G/G","?/?","G/T","G/T","G/G","G/T","T/T","T/T","G/T","G/G","T/T","G/G","G/G","T/T","G/T","G/T","T/T","G/G","T/T","T/T","T/T","G/G","G/T","G/G","G/T","G/G","T/T","T/T","T/T","T/T","G/T","G/T","G/G","G/T","G/G","G/T","T/T","T/T","G/G","G/G","G/G","G/T","G/T","G/G","G/T","T/T","G/T","G/G","T/T","G/G","G/T","G/T","G/T","G/T","G/G","G/G","G/T","T/T","G/T","G/T","G/T","G/G","G/G","G/G","G/G","G/G","T/T","G/T","G/T","T/T","T/T","G/T","G/T","T/T","T/T","G/G","G/G","T/T","G/T","T/T","G/G","G/T","G/T","T/T","G/G","G/G","G/T","G/T","G/T","T/T","G/T","G/T","G/T","T/T","G/G","T/T","T/T","?/?","?/?","G/G","T/T","T/T","G/G","G/G","G/G","G/G","G/G","G/G","G/G","T/T","T/T","T/T","T/T","T/T","G/G","G/G","G/G","G/G","G/G","G/G","G/G","T/T","T/T","T/T","T/T","G/G","G/G","G/G","G/G","G/G","G/G","T/T","T/T","G/G","G/G","G/G","G/G","G/G"
"87","PZD00043.4",6389,"7","158733124","","","PZD00043","zmm28","zmm28","candidate",10096,11746,0,0,0,"T/T","A/T","T/T","A/T","A/A","A/T","A/T","A/T","T/T","T/T","A/A","A/A","A/T","?/?","T/T","T/T","A/T","T/T","A/T","A/T","T/T","T/T","A/T","A/T","A/T","A/A","A/A","T/T","T/T","A/T","T/T","T/T","T/T","T/T","A/T","A/T","T/T","A/T","A/T","T/T","T/T","T/T","A/A","T/T","T/T","A/T","A/T","A/T","T/T","A/A","A/T","T/T","A/T","T/T","T/T","A/T","A/T","T/T","T/T","T/T","T/T","T/T","T/T","A/T","A/A","A/T","A/T","T/T","A/T","T/T","A/T","A/A","A/T","T/T","T/T","T/T","A/T","A/T","T/T","T/T","A/A","T/T","A/T","T/T","A/T","A/T","T/T","A/A","T/T","A/T","T/T","A/T","T/T","T/T","A/A","A/T","A/T","A/A","T/T","A/T","A/T","A/T","T/T","T/T","T/T","A/T","A/T","A/A","T/T","A/T","T/T","?/?","T/T","T/T","T/T","A/T","T/T","T/T","A/T","T/T","T/T","T/T","T/T","T/T","T/T","T/T","T/T","T/T","T/T","A/T","T/T","T/T","A/T","T/T","T/T","T/T","T/T","T/T","T/T","T/T","T/T","T/T","T/T","T/T","A/A","T/T","A/T","T/T","T/T","T/T","?/?","A/T","T/T","T/T","?/?","A/T","A/T","T/T","T/T","T/T","A/T","A/A","A/T","A/T","T/T","T/T","T/T","T/T","A/T","A/T","T/T","T/T","T/T","T/T","T/T","T/T","T/T","A/T","A/A","A/T","T/T","?/?","T/T","T/T","A/T","T/T","?/?","A/T","T/T","T/T","A/T","T/T","T/T","?/?","?/?","T/T","T/T","A/T","A/A","A/A","?/?","T/T","T/T","T/T","A/A","T/T","T/T","T/T","T/T","T/T","T/T","A/T","A/T","T/T","T/T","A/A","T/T","T/T","T/T","T/T","A/T","T/T","T/T","T/T","T/T","A/T","A/T","A/T","A/A","A/A","T/T","A/T","A/T","A/A","A/T","T/T","?/?","A/A","A/A","T/T","A/T","A/T","T/T","A/T","A/A","A/A","T/T","T/T","A/T","T/T","A/T","A/T","A/T","A/T","A/T","A/T","T/T","T/T","?/?","A/T","A/T","T/T","A/T","T/T","A/T","?/?","A/T","T/T","A/T","A/T","A/T","T/T","T/T","T/T","A/T","T/T","A/T","T/T","T/T","A/T","A/T","A/T","A/A","T/T","A/T","A/T","T/T","A/A","T/T","A/T","A/A","A/T","A/A","T/T","A/A","?/?","T/T","A/T","T/T","T/T","A/T","A/A","?/?","T/T","T/T","T/T","A/T","A/A","T/T","A/A","T/T","T/T","T/T","T/T","T/T","A/A","T/T","T/T","T/T","T/T","T/T","T/T","T/T","A/T","T/T","T/T","A/T","T/T","T/T","A/T","T/T","A/T","A/T","A/T","T/T","A/T","T/T","A/T","A/T","A/T","A/T","A/A","T/T","A/T","A/T","A/T","A/T","A/T","A/A","T/T","A/T","A/T","T/T","A/T","A/T","A/A","T/T","?/?","T/T","T/T","A/T","?/?","T/T","T/T","A/T","A/T","T/T","T/T","A/T","A/A","T/T","A/T","A/T","T/T","A/T","T/T","A/T","?/?","T/T","A/T","T/T","T/T","T/T","A/A","A/A","?/?","A/T","A/T","T/T","T/T","T/T","T/T","A/T","A/A","A/T","A/T","T/T","A/T","A/T","?/?","T/T","A/T","A/T","T/T","A/T","T/T","T/T","T/T","A/T","A/T","A/T","T/T","A/T","T/T","A/T","T/T","T/T","T/T","T/T","T/T","T/T","T/T","T/T","A/T","T/T","A/A","A/T","T/T","T/T","T/T","T/T","T/T","A/T","A/T","A/A","A/T","A/A","T/T","A/T","A/T","A/T","A/T","T/T","T/T","A/T","A/T","A/T","T/T","A/A","T/T","T/T","A/T","T/T","T/T","?/?","T/T","T/T","A/T","T/T","T/T","T/T","A/A","?/?","A/T","A/A","A/T","A/T","T/T","A/T","?/?","A/T","A/T","T/T","T/T","A/A","A/T","A/T","T/T","A/A","A/T","A/T","A/A","A/A","A/T","A/T","A/T","A/T","T/T","T/T","A/T","A/T","T/T","T/T","T/T","T/T","A/T","T/T","T/T","T/T","T/T","?/?","A/T","T/T","T/T","T/T","A/T","A/T","T/T","A/T","T/T","A/T","T/T","A/T","T/T","A/T","T/T","A/T","T/T","A/T","T/T","T/T","?/?","T/T","T/T","A/T","T/T","T/T","T/T","T/T","T/T","T/T","A/T","T/T","A/A","A/T","T/T","A/T","T/T","A/A","A/A","A/T","A/T","T/T","A/T","A/A","T/T","T/T","T/T","A/T","T/T","T/T","T/T","T/T","A/T","T/T","T/T","A/T","A/T","T/T","T/T","T/T","A/A","A/T","A/T","A/T","?/?","T/T","A/T","T/T","T/T","T/T","T/T","T/T","T/T","A/A","T/T","?/?","T/T","T/T","T/T","T/T","A/T","T/T","A/T","T/T","A/T","A/T","?/?","A/A","T/T","T/T","A/A","A/A","A/T","A/T","T/T","A/T","?/?","A/T","A/T","A/T","A/T","A/T","T/T","A/T","A/T","A/T","T/T","A/A","T/T","A/T","T/T","A/T","A/T","A/T","A/T","A/T","T/T","A/T","A/A","A/T","A/T","T/T","T/T","A/T","A/A","A/T","T/T","A/T","T/T","T/T","?/?","A/T","A/T","T/T","A/T","A/T","A/T","A/T","A/T","A/T","T/T","?/?","A/T","A/T","A/A","T/T","T/T","T/T","A/T","A/T","A/T","A/T","T/T","A/T","A/T","A/A","T/T","A/T","T/T","A/T","T/T","A/A","A/T","A/T","T/T","A/T","T/T","T/T","T/T","A/A","A/A","T/T","T/T","T/T","A/A","T/T","T/T","A/T","T/T","A/A","T/T","A/T","T/T","T/T","T/T","A/T","A/T","A/T","T/T","T/T","T/T","T/T","A/T","T/T","A/T","T/T","A/T","A/T","A/T","A/T","T/T","A/T","T/T","A/T","T/T","A/A","A/T","A/A","A/T","A/T","A/A","A/T","A/T","A/T","A/A","T/T","A/T","A/A","T/T","A/T","A/A","A/A","A/T","T/T","A/T","A/T","T/T","A/T","A/T","A/T","A/T","T/T","?/?","A/T","A/A","T/T","T/T","A/A","T/T","A/T","A/A","?/?","A/A","T/T","T/T","T/T","A/A","A/A","?/?","A/A","T/T","T/T","A/T","A/T","T/T","A/T","A/T","A/T","T/T","T/T","A/A","A/T","T/T","T/T","T/T","T/T","T/T","A/T","T/T","?/?","T/T","A/T","T/T","T/T","T/T","A/T","A/T","T/T","A/T","T/T","T/T","A/T","A/T","T/T","A/A","A/T","A/A","A/A","?/?","T/T","T/T","T/T","A/T","?/?","A/A","T/T","A/T","A/T","T/T","A/T","A/A","A/T","A/T","A/A","A/T","A/T","A/T","T/T","T/T","A/T","A/T","T/T","A/T","T/T","A/T","A/T","T/T","T/T","T/T","T/T","T/T","T/T","T/T","T/T","T/T","A/A","T/T","T/T","A/T","A/T","A/T","T/T","T/T","T/T","A/T","T/T","T/T","T/T","A/T","A/T","A/T","T/T","A/A","A/T","T/T","A/T","A/T","T/T","T/T","A/A","A/T","T/T","A/T","T/T","T/T","A/T","A/T","A/T","T/T","T/T","T/T","T/T","A/T","T/T","T/T","A/T","T/T","A/A","T/T","A/T","T/T","T/T","T/T","A/A","T/T","T/T","T/T","T/T","A/T","T/T","T/T","A/A","A/T","T/T","A/A","T/T","A/T","A/T","A/T","A/T","T/T","T/T","A/T","T/T","A/T","A/T","T/T","T/T","T/T","T/T","T/T","T/T","A/A","A/T","T/T","A/T","A/T","A/T","T/T","A/A","A/A","A/A","A/A","A/A","A/A","A/A","T/T","A/A","A/T","A/A","A/A","A/A","A/A","A/A","A/A","A/T","A/T","T/T","T/T","T/T","T/T","A/A","A/A","T/T","T/T","T/T","A/A","A/A","A/A","A/A","A/A","T/T","T/T","T/T","T/T","T/T","T/T","T/T","T/T","T/T","T/T","T/T","T/T","T/T","T/T","T/T","T/T","T/T","T/T","?/?","T/T","T/T","T/T","T/T","A/A","A/A","A/A","T/T","T/T","T/T","T/T","T/T","T/T","T/T"
"86","PZD00043.3",6388,"7","158733204","","","PZD00043","zmm28","zmm28","candidate",8352,11745,0,0,0,"C/G","C/G","C/C","C/C","C/C","C/G","C/G","C/G","C/G","C/G","C/C","C/C","C/C","C/C","G/G","G/G","C/C","?/?","C/G","C/C","C/C","C/G","?/?","C/G","C/G","C/C","C/C","?/?","G/G","C/C","G/G","C/G","?/?","?/?","C/C","C/G","G/G","C/G","C/G","C/C","G/G","C/C","C/C","?/?","G/G","C/C","C/G","C/C","C/G","C/C","C/C","C/G","?/?","C/G","C/G","C/C","C/C","?/?","C/G","C/G","?/?","C/C","C/G","C/C","C/C","C/G","C/C","C/C","C/C","G/G","C/G","?/?","C/C","C/G","C/G","C/G","C/C","C/C","C/G","C/C","C/C","C/G","C/G","C/C","C/G","C/C","C/C","C/C","C/G","C/G","C/G","C/G","C/C","C/C","C/C","C/C","C/G","C/C","C/C","C/G","C/G","C/C","C/C","C/G","C/C","C/G","C/G","C/C","C/G","C/C","C/G","C/G","C/C","?/?","C/C","C/C","C/C","C/C","C/G","C/C","C/C","C/C","C/C","C/G","G/G","C/G","C/C","C/G","C/C","C/C","?/?","C/C","C/C","C/C","C/G","C/C","C/C","?/?","C/G","C/G","C/C","C/C","?/?","C/G","C/C","C/C","?/?","C/C","C/G","C/C","C/C","C/C","C/C","C/G","?/?","C/C","C/C","C/G","C/G","C/C","C/C","C/C","C/G","C/G","?/?","C/G","G/G","C/C","C/G","C/G","C/C","C/C","C/G","C/G","C/G","C/C","C/C","C/G","C/C","C/G","?/?","C/G","C/G","G/G","C/G","C/C","?/?","C/C","C/G","C/G","C/G","C/C","C/C","C/C","C/C","C/C","C/C","C/G","C/C","C/C","C/C","C/G","C/G","C/C","C/C","C/C","C/C","C/C","C/C","C/G","C/G","C/C","C/C","G/G","C/C","?/?","C/C","C/C","C/C","C/C","C/C","C/G","G/G","C/C","G/G","C/G","?/?","C/G","C/C","C/C","C/C","C/G","C/C","C/C","C/G","C/C","C/C","C/C","C/C","C/C","C/G","C/C","C/C","C/G","C/C","C/C","C/G","C/G","C/G","C/C","C/C","?/?","C/C","C/G","C/C","C/C","C/G","G/G","G/G","C/G","C/G","C/G","C/G","C/C","C/C","C/G","C/C","?/?","C/C","?/?","C/C","G/G","C/G","C/C","?/?","C/G","C/C","C/G","C/G","C/C","C/G","C/C","?/?","C/C","C/C","C/G","C/C","C/C","C/G","C/G","C/C","C/G","C/C","C/G","C/C","C/G","G/G","C/G","C/G","C/C","C/C","?/?","C/C","C/G","C/C","C/G","C/G","C/C","?/?","?/?","?/?","?/?","C/C","C/G","C/G","C/C","?/?","C/G","C/C","C/G","C/G","C/G","C/G","C/G","C/C","C/G","C/G","C/G","C/C","C/G","?/?","C/G","?/?","C/C","C/G","C/G","C/G","C/C","C/C","C/G","C/C","C/C","C/C","C/G","C/G","C/G","C/C","C/C","C/C","C/G","C/G","C/G","G/G","C/G","C/G","?/?","G/G","C/C","?/?","C/G","C/C","G/G","C/C","C/C","C/C","C/C","G/G","C/G","C/C","C/C","C/C","C/C","C/C","?/?","C/G","C/C","C/G","C/G","G/G","C/C","G/G","C/G","C/C","C/C","C/C","C/C","C/G","C/C","C/G","C/G","C/G","C/G","?/?","C/C","C/C","C/C","C/G","C/G","C/C","C/C","?/?","C/G","?/?","C/C","C/G","G/G","C/G","G/G","C/G","C/G","C/G","G/G","C/C","C/C","C/C","C/G","C/C","C/C","C/C","C/C","C/G","C/C","C/C","C/C","C/C","C/C","C/C","C/C","C/C","C/G","C/C","C/C","C/G","C/C","C/C","C/C","C/C","C/G","C/C","C/G","C/C","C/C","C/C","G/G","C/C","C/G","C/C","C/C","C/C","C/G","C/C","C/C","?/?","G/G","C/G","C/G","C/G","?/?","C/G","G/G","C/G","C/C","C/C","G/G","C/C","C/G","C/C","C/G","C/G","C/C","C/C","C/C","C/C","C/C","C/C","C/G","C/C","C/G","C/C","?/?","C/G","C/C","C/C","C/G","C/G","C/C","C/C","C/C","G/G","C/G","C/C","G/G","C/G","C/G","G/G","C/C","C/G","C/G","C/C","C/G","C/G","C/C","?/?","?/?","C/C","C/C","C/C","G/G","G/G","C/G","C/G","G/G","C/C","G/G","C/C","C/G","C/C","G/G","C/G","C/G","C/G","?/?","C/G","C/G","C/G","G/G","C/G","G/G","C/G","G/G","C/G","C/C","C/G","C/C","C/C","C/G","C/G","C/C","C/C","C/C","C/C","C/C","G/G","C/C","?/?","?/?","C/G","C/C","C/G","G/G","G/G","G/G","C/G","C/C","?/?","C/C","C/C","C/G","G/G","C/C","C/G","C/C","C/C","C/C","C/G","C/C","C/C","C/C","C/C","C/G","C/G","C/G","G/G","C/G","C/C","C/G","C/G","G/G","G/G","G/G","G/G","C/G","C/C","C/G","C/C","C/G","C/G","C/C","C/C","C/C","C/G","C/G","C/C","C/G","C/G","C/C","C/G","C/G","C/G","C/G","C/C","C/C","C/G","C/G","C/G","?/?","C/C","?/?","C/C","G/G","C/C","C/G","C/G","?/?","C/G","C/C","C/G","G/G","C/G","C/C","C/G","C/C","G/G","C/G","C/G","C/G","C/G","G/G","C/G","C/G","C/G","C/C","C/C","C/G","C/C","C/G","C/C","C/G","C/C","C/G","C/G","G/G","G/G","C/G","C/G","C/C","C/G","C/G","G/G","C/G","C/G","C/C","C/C","G/G","C/G","C/G","C/C","G/G","C/G","G/G","C/G","C/G","C/C","C/G","C/G","G/G","C/G","C/C","?/?","C/G","C/C","C/C","G/G","G/G","G/G","C/C","C/C","C/C","C/C","C/G","C/C","?/?","C/G","C/G","G/G","C/G","C/G","C/G","C/G","G/G","C/C","C/C","G/G","C/G","G/G","C/C","C/G","C/C","C/G","C/G","C/G","C/G","C/G","G/G","C/G","G/G","C/C","C/G","C/C","C/G","C/G","C/C","C/G","C/G","C/G","C/C","G/G","C/G","C/C","C/G","C/G","C/C","C/C","C/G","G/G","C/G","C/G","C/G","?/?","C/G","C/G","C/G","C/G","C/G","C/G","C/C","G/G","C/C","C/C","C/C","C/C","C/C","C/G","C/G","C/G","C/C","C/G","C/C","C/C","C/G","C/C","C/G","C/C","C/C","?/?","?/?","C/G","C/G","C/G","C/G","G/G","C/C","C/C","C/G","C/G","G/G","C/C","C/G","C/C","G/G","G/G","C/G","C/C","G/G","G/G","C/G","C/C","C/G","C/C","?/?","C/G","C/G","C/G","C/G","G/G","C/C","C/G","?/?","C/C","C/C","C/G","C/G","C/C","C/C","C/G","C/C","C/G","C/C","C/C","C/G","C/C","C/C","C/G","C/C","C/C","C/G","C/C","C/C","C/C","C/C","C/G","C/C","C/G","C/C","C/G","C/C","C/G","G/G","C/G","C/G","C/G","C/G","?/?","C/G","?/?","G/G","C/C","C/G","?/?","C/C","C/C","C/G","C/G","C/G","C/G","C/G","C/C","C/C","G/G","G/G","C/G","C/G","C/C","C/C","C/C","C/G","C/G","C/C","G/G","C/G","C/C","C/G","G/G","C/C","C/G","C/G","C/C","?/?","C/C","C/G","C/G","C/G","G/G","?/?","G/G","G/G","C/G","C/G","C/C","?/?","C/G","C/G","C/G","C/C","C/C","?/?","C/G","G/G","C/G","C/G","G/G","C/C","G/G","C/G","C/C","G/G","G/G","C/G","G/G","G/G","C/G","?/?","G/G","?/?","C/C","C/G","?/?","?/?","C/G","C/G","G/G","G/G","G/G","C/C","C/G","G/G","C/C","C/C","C/G","C/G","C/C","C/C","C/C","C/C","C/C","C/C","C/C","C/G","C/C","C/G","C/C","C/C","C/C","C/C","C/C","C/C","C/C","?/?","C/G","C/G","C/C","G/G","C/C","C/C","C/C","C/C","C/C","C/C","C/C","C/C","C/C","C/C","C/C","?/?","C/C","C/C","G/G","G/G","G/G","C/C","C/C","G/G","G/G","G/G","G/G","G/G","G/G","G/G","?/?","C/C","C/C","C/C","C/C","C/C","C/C","?/?","C/C","C/C","?/?","G/G","G/G","G/G","G/G","G/G","G/G"
"85","PZD00043.2",6387,"7","158733225","","","PZD00043","zmm28","zmm28","candidate",8351,11744,0,0,0,"T/T","C/T","T/T","?/?","C/C","C/T","C/T","?/?","T/T","T/T","C/C","C/C","C/T","C/T","T/T","T/T","C/T","T/T","C/T","C/T","C/T","T/T","C/T","C/T","C/T","C/C","C/T","T/T","T/T","C/T","T/T","T/T","T/T","T/T","C/T","C/T","T/T","C/T","C/T","T/T","T/T","T/T","C/C","T/T","T/T","C/T","C/T","C/T","T/T","C/C","C/T","T/T","C/T","T/T","?/?","C/T","C/T","T/T","T/T","T/T","T/T","T/T","T/T","C/T","C/C","C/T","C/T","T/T","C/T","T/T","C/T","C/C","C/T","T/T","C/T","T/T","C/T","C/T","T/T","T/T","C/C","T/T","C/T","C/T","C/T","C/T","T/T","C/C","T/T","C/T","T/T","C/T","T/T","T/T","C/C","C/T","C/T","C/C","T/T","C/T","C/T","C/T","?/?","T/T","T/T","C/T","C/T","C/C","T/T","C/T","T/T","C/T","T/T","T/T","T/T","C/T","T/T","T/T","C/T","T/T","T/T","T/T","?/?","T/T","T/T","T/T","T/T","T/T","T/T","C/T","C/T","T/T","C/T","T/T","T/T","T/T","T/T","T/T","T/T","T/T","T/T","T/T","T/T","T/T","C/C","T/T","C/T","T/T","T/T","T/T","C/T","C/T","T/T","T/T","T/T","C/T","C/T","T/T","T/T","T/T","C/T","C/C","T/T","C/T","T/T","T/T","T/T","T/T","C/T","C/T","T/T","T/T","T/T","T/T","T/T","T/T","T/T","C/T","C/C","C/T","T/T","C/T","C/T","T/T","C/T","T/T","T/T","C/T","T/T","T/T","C/T","T/T","T/T","C/C","C/C","T/T","T/T","C/T","C/C","C/C","T/T","T/T","T/T","T/T","C/C","T/T","T/T","T/T","T/T","T/T","T/T","C/T","C/T","T/T","T/T","C/C","T/T","T/T","T/T","T/T","T/T","T/T","T/T","T/T","T/T","C/T","C/T","T/T","C/T","T/T","T/T","C/T","C/T","T/T","T/T","T/T","?/?","C/T","C/T","T/T","C/T","C/T","T/T","C/T","C/T","C/C","T/T","T/T","C/T","?/?","C/T","C/T","C/T","C/T","T/T","C/T","T/T","T/T","T/T","T/T","T/T","T/T","C/T","T/T","C/T","T/T","T/T","T/T","C/T","C/T","C/T","T/T","T/T","T/T","C/T","T/T","C/T","T/T","T/T","C/T","C/T","C/T","C/C","T/T","C/T","C/T","T/T","C/C","T/T","C/T","C/C","T/T","C/T","T/T","C/T","T/T","T/T","C/T","T/T","T/T","C/T","C/T","C/T","T/T","T/T","T/T","T/T","C/C","T/T","C/C","T/T","T/T","T/T","T/T","?/?","C/C","T/T","T/T","T/T","T/T","T/T","?/?","T/T","C/T","T/T","T/T","C/T","T/T","T/T","C/T","T/T","C/T","C/T","C/T","T/T","C/T","T/T","C/T","C/T","C/T","C/T","C/C","T/T","C/T","T/T","C/T","C/T","T/T","C/T","T/T","C/T","C/T","T/T","C/T","C/T","C/C","T/T","T/T","T/T","T/T","C/T","T/T","T/T","T/T","C/T","C/T","T/T","T/T","C/T","C/C","T/T","T/T","T/T","T/T","C/T","T/T","C/T","T/T","T/T","C/T","T/T","T/T","T/T","C/C","T/T","T/T","C/T","T/T","T/T","T/T","T/T","T/T","T/T","T/T","C/T","C/T","T/T","T/T","C/T","T/T","T/T","C/T","C/T","T/T","T/T","T/T","T/T","T/T","T/T","C/T","?/?","T/T","C/T","T/T","C/T","T/T","T/T","T/T","T/T","T/T","T/T","T/T","T/T","T/T","T/T","C/T","T/T","T/T","T/T","T/T","T/T","T/T","C/T","C/T","C/C","C/T","C/T","T/T","C/T","C/T","T/T","C/T","T/T","T/T","C/T","C/T","C/T","T/T","C/C","T/T","T/T","C/T","?/?","T/T","C/T","T/T","T/T","T/T","T/T","T/T","T/T","C/C","T/T","T/T","C/C","C/T","T/T","T/T","C/T","C/T","C/T","C/T","T/T","T/T","C/T","T/T","C/T","T/T","C/C","C/T","C/T","T/T","C/C","C/T","C/T","C/T","C/T","T/T","T/T","C/T","C/T","T/T","T/T","T/T","T/T","C/T","T/T","T/T","T/T","T/T","T/T","C/T","T/T","T/T","T/T","C/T","C/T","T/T","T/T","T/T","C/T","T/T","C/T","T/T","C/T","?/?","C/T","T/T","C/T","T/T","T/T","C/T","T/T","T/T","C/T","T/T","T/T","T/T","T/T","T/T","T/T","C/T","T/T","C/T","C/T","T/T","C/T","T/T","C/C","C/C","C/T","T/T","T/T","C/T","C/C","T/T","T/T","T/T","C/T","T/T","T/T","T/T","T/T","T/T","T/T","T/T","T/T","T/T","T/T","T/T","T/T","C/C","C/T","C/T","?/?","T/T","T/T","T/T","T/T","?/?","T/T","T/T","T/T","T/T","C/T","T/T","T/T","T/T","T/T","T/T","T/T","?/?","T/T","C/T","T/T","C/T","T/T","T/T","C/T","T/T","T/T","T/T","C/T","C/T","C/T","T/T","C/T","T/T","C/T","T/T","C/T","C/T","C/T","T/T","C/T","T/T","T/T","T/T","C/T","T/T","C/T","T/T","C/T","C/T","C/T","C/T","C/T","T/T","C/T","C/C","C/T","?/?","T/T","T/T","C/T","C/T","T/T","T/T","T/T","T/T","?/?","C/T","C/T","C/T","T/T","C/T","C/T","C/T","C/T","C/T","C/T","T/T","T/T","C/T","C/T","C/T","T/T","T/T","T/T","T/T","C/T","T/T","C/T","T/T","C/T","C/T","C/C","T/T","C/T","T/T","C/T","T/T","C/C","T/T","T/T","T/T","T/T","T/T","T/T","T/T","C/C","C/C","T/T","T/T","T/T","C/C","T/T","T/T","C/T","T/T","C/C","T/T","C/T","T/T","T/T","T/T","C/T","C/T","T/T","T/T","T/T","T/T","T/T","C/T","T/T","C/T","T/T","C/T","C/T","C/T","C/T","T/T","C/T","T/T","C/T","T/T","C/C","C/T","C/C","C/T","C/T","C/C","C/T","C/T","C/T","C/C","T/T","C/T","C/C","?/?","C/T","C/C","C/C","C/T","T/T","C/T","C/T","T/T","C/T","C/T","C/T","C/T","T/T","C/T","C/T","C/C","T/T","T/T","C/C","T/T","C/T","C/C","C/T","C/T","T/T","T/T","T/T","C/C","C/C","T/T","C/C","T/T","T/T","C/T","C/T","T/T","C/T","C/T","C/T","T/T","T/T","C/C","C/T","T/T","T/T","T/T","T/T","?/?","C/T","?/?","T/T","T/T","C/T","T/T","T/T","T/T","C/T","C/T","T/T","C/T","T/T","T/T","C/T","C/T","T/T","C/T","T/T","C/T","C/T","T/T","T/T","C/T","T/T","C/T","T/T","C/C","T/T","T/T","T/T","T/T","C/T","C/C","C/T","C/T","T/T","T/T","C/T","T/T","T/T","T/T","C/T","C/T","T/T","C/T","?/?","T/T","C/T","T/T","T/T","T/T","T/T","T/T","T/T","T/T","T/T","T/T","T/T","T/T","T/T","C/T","C/T","T/T","T/T","T/T","T/T","C/T","T/T","?/?","T/T","T/T","T/T","T/T","T/T","C/T","C/T","T/T","T/T","C/T","T/T","T/T","C/C","C/T","T/T","C/T","T/T","T/T","C/T","T/T","C/T","T/T","?/?","T/T","T/T","T/T","T/T","T/T","C/T","T/T","C/C","T/T","T/T","T/T","T/T","T/T","C/C","T/T","T/T","T/T","T/T","C/T","T/T","T/T","T/T","C/T","T/T","T/T","T/T","C/T","T/T","T/T","C/T","T/T","T/T","C/T","T/T","C/T","C/T","T/T","T/T","T/T","T/T","T/T","T/T","C/C","C/T","T/T","C/T","C/T","C/T","T/T","C/C","C/C","C/C","C/C","C/C","C/C","C/C","C/T","C/C","C/T","C/C","C/C","C/C","C/C","C/C","C/C","T/T","C/T","T/T","C/T","T/T","T/T","C/C","C/C","T/T","T/T","T/T","C/C","C/C","C/C","C/C","C/C","T/T","T/T","T/T","T/T","T/T","T/T","T/T","T/T","T/T","T/T","T/T","T/T","T/T","T/T","T/T","T/T","?/?","T/T","T/T","T/T","?/?","C/T","T/T","C/C","C/C","C/C","?/?","T/T","T/T","T/T","T/T","T/T","T/T"
"84","PZD00043.1",6386,"7","158733284","","","PZD00043","zmm28","zmm28","candidate",8350,11743,1,1,1,"C/G","C/G","C/C","C/C","C/C","C/G","C/G","C/G","C/G","C/G","C/C","C/C","C/C","C/C","G/G","G/G","C/C","G/G","C/G","C/C","C/C","C/G","C/G","C/G","C/G","C/C","C/C","C/G","G/G","C/C","G/G","C/G","C/G","G/G","C/C","C/G","G/G","C/G","C/G","C/C","C/G","C/C","C/C","C/G","C/C","C/C","C/G","C/C","C/G","C/C","C/C","C/G","C/G","C/G","C/G","C/C","C/C","G/G","C/G","C/G","G/G","C/C","C/G","C/C","C/C","C/G","C/C","C/C","C/C","C/G","C/G","C/C","C/C","C/G","C/G","G/G","C/C","C/C","C/G","C/C","C/C","C/G","C/G","C/C","C/G","C/C","C/C","C/C","C/G","C/G","C/G","C/G","C/C","C/C","C/C","C/C","C/G","C/C","C/C","C/G","C/G","C/C","C/C","G/G","C/C","C/G","C/G","C/C","C/G","C/C","C/G","C/G","C/C","G/G","C/C","C/C","C/C","C/C","C/G","C/C","C/C","C/C","C/C","C/G","C/G","C/G","C/C","C/G","C/C","C/C","C/C","C/C","C/C","C/C","C/G","C/C","C/C","C/G","C/G","C/G","C/C","C/C","G/G","C/G","C/C","C/C","C/C","C/C","C/G","C/C","C/C","C/C","C/C","C/G","G/G","C/C","C/C","?/?","C/G","C/C","C/C","?/?","C/G","C/G","C/G","C/G","G/G","C/C","C/G","C/G","C/C","C/C","C/G","C/G","C/G","C/C","C/C","C/G","C/C","C/G","G/G","C/G","C/G","G/G","C/G","C/C","G/G","C/C","C/G","C/G","C/G","C/C","C/C","C/C","C/C","C/C","C/C","C/G","C/C","C/C","C/C","C/G","C/G","C/C","C/C","C/C","C/C","C/C","C/C","C/G","C/G","C/C","C/C","C/G","C/C","C/C","C/C","C/C","C/C","C/C","C/C","C/G","G/G","C/C","G/G","C/G","C/G","C/G","C/C","C/C","C/C","C/G","C/C","C/C","C/G","C/C","C/C","C/C","C/C","C/C","C/G","C/C","C/C","C/G","C/C","C/C","C/G","C/G","C/G","C/C","C/C","C/G","C/C","C/G","C/C","C/C","C/G","G/G","G/G","C/G","C/G","C/G","C/G","C/C","C/C","G/G","C/C","C/G","C/C","C/G","C/C","G/G","C/G","C/C","C/C","C/G","C/C","C/G","C/G","C/C","C/G","C/C","C/C","C/C","C/C","C/G","C/C","C/C","C/G","?/?","C/C","C/G","C/C","?/?","C/C","C/G","G/G","C/G","C/G","C/G","C/C","C/C","C/C","C/G","C/C","C/G","C/G","C/C","C/C","C/C","C/G","C/C","C/C","C/G","C/G","C/C","G/G","G/G","C/C","C/G","C/G","C/G","C/G","C/G","C/C","C/G","?/?","?/?","C/C","C/C","C/G","C/G","C/C","C/C","C/G","C/G","C/G","C/C","C/C","C/G","C/C","C/C","C/C","C/G","C/G","C/G","C/C","C/C","C/C","C/G","C/G","C/G","G/G","?/?","?/?","C/C","G/G","C/C","C/C","C/G","C/C","C/G","C/C","C/C","C/C","C/C","G/G","C/G","C/C","C/C","C/C","C/C","C/C","G/G","C/G","C/C","C/C","C/G","G/G","C/C","G/G","C/G","C/C","C/C","C/C","C/C","C/G","C/C","C/G","C/G","C/G","C/G","C/C","C/C","C/C","C/C","G/G","C/G","C/C","C/C","G/G","C/G","C/C","C/C","C/G","G/G","C/G","G/G","C/G","C/G","C/G","G/G","C/C","C/C","C/C","C/G","C/C","C/C","C/C","C/C","C/G","C/C","C/C","C/C","C/C","C/C","C/C","C/C","C/C","C/G","C/C","C/C","C/G","C/C","C/C","C/C","C/C","C/G","C/C","C/G","C/C","C/C","C/C","G/G","C/C","C/G","C/C","C/C","C/C","C/G","C/C","C/C","G/G","G/G","C/G","G/G","C/G","C/C","?/?","G/G","C/G","C/C","C/C","G/G","C/C","C/G","C/C","C/G","C/G","C/C","C/C","C/C","C/C","C/C","C/C","C/G","C/C","C/G","C/C","C/G","?/?","C/C","C/C","C/G","C/G","C/C","C/C","C/C","G/G","C/G","C/C","G/G","C/G","C/G","C/G","C/C","C/G","C/G","C/C","C/G","C/G","C/C","C/G","C/G","C/C","C/C","C/C","G/G","G/G","C/G","C/G","G/G","C/C","G/G","C/C","C/G","C/C","G/G","C/G","C/G","C/G","C/C","G/G","C/G","C/G","G/G","C/G","G/G","C/G","G/G","C/G","C/C","C/G","C/C","C/C","G/G","C/G","C/C","C/C","C/C","C/C","C/C","G/G","C/C","C/C","G/G","C/G","C/C","C/G","G/G","G/G","G/G","C/G","C/C","C/G","C/C","C/C","C/G","?/?","C/C","C/G","C/C","C/C","C/C","C/G","C/C","C/C","C/C","C/C","C/G","C/G","C/G","G/G","C/G","C/C","C/G","G/G","G/G","G/G","G/G","G/G","C/G","C/C","C/G","C/C","C/G","C/G","C/C","C/C","C/C","C/G","C/G","C/C","C/G","C/G","C/C","C/G","C/G","C/G","C/G","C/C","C/C","C/G","C/G","C/G","C/C","C/C","C/G","C/C","G/G","C/C","C/G","C/G","C/G","C/G","C/C","C/G","G/G","C/G","C/C","C/G","C/C","G/G","G/G","C/G","C/G","C/G","G/G","C/G","C/G","G/G","C/C","C/C","C/G","C/C","C/G","C/C","C/G","C/C","C/G","C/G","G/G","G/G","C/G","C/G","C/C","C/G","C/G","G/G","C/G","C/G","C/G","C/C","G/G","C/G","C/G","C/C","G/G","C/G","G/G","C/G","C/G","C/C","C/G","C/G","G/G","?/?","C/C","G/G","C/G","C/C","C/C","G/G","G/G","G/G","C/C","C/C","C/C","C/C","C/G","C/C","G/G","C/G","C/G","G/G","C/G","C/G","C/G","C/G","G/G","?/?","C/C","C/G","C/G","G/G","C/C","C/G","C/C","C/G","C/G","C/G","C/G","C/G","C/G","C/G","G/G","C/C","C/G","C/C","C/G","C/G","C/C","C/G","C/G","C/G","C/C","G/G","C/G","C/C","C/G","C/G","C/C","C/C","C/G","G/G","C/G","C/G","C/G","C/G","C/G","?/?","C/G","C/G","C/G","C/G","C/C","G/G","C/C","C/C","C/C","C/C","C/C","C/G","C/G","C/G","C/C","C/G","C/C","C/C","C/G","C/C","C/G","C/C","C/C","C/C","C/C","C/G","C/G","C/G","C/G","C/G","C/C","C/C","C/G","G/G","G/G","C/C","C/G","C/C","G/G","C/G","C/G","C/C","G/G","G/G","C/G","C/C","C/G","C/C","C/G","C/G","C/G","C/G","C/G","?/?","C/C","C/G","C/C","C/C","C/C","C/G","C/G","C/C","C/C","C/G","C/C","C/G","C/C","C/C","C/G","C/C","C/C","C/G","C/C","C/C","C/G","C/C","C/C","C/C","C/C","C/G","C/C","C/G","C/C","C/G","C/C","C/G","G/G","C/G","C/G","C/G","C/G","C/G","C/G","C/G","G/G","C/C","C/G","C/G","C/C","C/C","C/G","C/G","C/G","C/G","C/G","C/C","C/C","G/G","G/G","C/G","?/?","C/C","C/C","C/C","C/G","C/G","C/C","G/G","C/G","C/C","C/G","G/G","?/?","C/G","C/G","C/C","?/?","C/C","C/G","C/G","C/G","G/G","C/G","G/G","G/G","C/G","C/G","C/C","C/C","C/G","C/G","C/G","C/C","C/C","G/G","C/G","G/G","C/G","C/G","G/G","C/C","G/G","C/G","C/C","G/G","G/G","C/G","G/G","G/G","C/G","C/C","G/G","C/G","C/C","C/G","C/G","?/?","C/G","C/G","G/G","G/G","G/G","C/C","C/G","G/G","C/C","C/C","C/G","C/G","C/C","C/C","C/C","C/C","C/C","C/C","C/C","C/G","C/C","C/G","C/C","C/C","C/C","C/C","C/C","C/C","C/C","C/G","C/G","C/G","C/C","G/G","C/C","C/C","C/C","C/C","C/C","C/C","C/C","C/C","C/C","C/C","C/C","C/C","C/C","C/C","G/G","G/G","G/G","C/C","C/C","G/G","G/G","G/G","G/G","G/G","G/G","G/G","G/G","C/C","C/C","C/C","C/C","C/C","C/C","C/C","C/C","C/C","G/G","G/G","G/G","G/G","G/G","G/G","G/G"
"83","PZB01238.6",6293,"7","161167688","","","PZB01238","Ra3","ra3","candidate",8311,11696,0,0,0,"C/G","C/G","G/G","G/G","G/G","G/G","C/G","C/G","G/G","G/G","C/G","G/G","C/G","G/G","G/G","G/G","C/G","C/G","C/C","C/C","C/C","C/C","C/C","G/G","G/G","C/G","C/G","C/C","C/C","C/C","G/G","C/C","C/C","C/G","C/C","G/G","C/C","?/?","G/G","C/G","C/C","C/G","C/G","G/G","C/G","C/G","C/C","C/G","G/G","C/C","G/G","C/G","G/G","G/G","C/C","G/G","?/?","G/G","G/G","G/G","?/?","G/G","G/G","G/G","G/G","G/G","?/?","C/C","C/G","C/C","G/G","C/C","G/G","C/G","G/G","G/G","G/G","G/G","C/G","G/G","G/G","C/G","?/?","C/G","?/?","?/?","C/G","G/G","?/?","C/C","C/G","C/G","C/G","C/C","G/G","C/G","?/?","G/G","C/C","C/G","G/G","C/C","C/C","C/C","?/?","C/G","?/?","G/G","G/G","?/?","G/G","C/G","C/C","G/G","?/?","?/?","G/G","G/G","G/G","G/G","C/G","G/G","G/G","G/G","G/G","C/G","C/C","G/G","C/G","C/C","C/C","C/G","C/C","C/C","G/G","C/G","G/G","C/G","?/?","?/?","G/G","C/G","G/G","G/G","G/G","C/C","G/G","G/G","G/G","G/G","C/G","G/G","G/G","C/G","G/G","G/G","G/G","C/G","C/C","G/G","G/G","G/G","G/G","G/G","G/G","G/G","G/G","C/G","G/G","C/G","C/G","C/G","C/C","C/G","C/G","C/G","C/C","C/G","G/G","G/G","C/G","G/G","C/C","G/G","G/G","G/G","G/G","C/G","C/G","G/G","G/G","G/G","C/G","C/G","C/C","C/C","G/G","G/G","C/C","C/C","C/G","C/G","C/C","G/G","C/G","C/G","?/?","C/G","?/?","G/G","G/G","?/?","?/?","C/G","?/?","?/?","G/G","G/G","G/G","C/C","C/G","C/C","C/C","C/G","C/C","G/G","C/G","G/G","?/?","C/G","C/C","C/C","C/G","C/G","C/G","C/G","C/G","G/G","C/G","?/?","?/?","C/C","G/G","C/G","G/G","C/G","C/C","C/G","C/G","C/G","C/G","?/?","C/G","C/G","C/C","C/C","C/G","C/C","C/C","?/?","?/?","C/G","C/G","G/G","G/G","C/C","G/G","C/C","C/C","C/C","C/C","C/C","C/G","?/?","?/?","C/C","C/G","C/G","C/C","G/G","C/C","?/?","C/C","C/C","C/C","C/C","C/C","C/C","C/G","C/C","?/?","C/G","C/C","C/G","C/G","C/G","C/C","C/G","C/C","C/C","C/C","?/?","C/C","C/G","?/?","C/C","?/?","C/C","C/C","C/C","?/?","C/G","C/C","C/C","C/C","C/C","G/G","C/G","C/C","G/G","C/C","C/C","C/G","G/G","C/G","C/C","C/C","C/C","C/C","C/G","C/G","C/G","C/G","G/G","C/C","C/C","C/G","?/?","C/C","C/C","C/C","C/C","C/C","C/C","C/G","?/?","C/C","C/G","C/C","C/C","C/C","C/C","C/C","C/C","C/C","C/G","C/C","C/C","C/G","C/G","C/G","?/?","C/G","C/C","C/C","C/C","C/G","C/C","C/G","C/G","C/C","C/C","C/C","C/C","C/C","?/?","C/G","C/G","G/G","C/C","G/G","C/C","C/C","G/G","C/C","C/G","C/C","C/C","C/C","C/C","?/?","?/?","C/G","C/C","?/?","C/G","C/C","C/C","?/?","G/G","C/C","C/G","G/G","C/C","C/C","C/C","C/C","?/?","C/C","C/C","C/G","C/C","C/C","C/C","G/G","C/G","C/G","C/G","C/C","?/?","C/G","C/C","?/?","C/C","C/G","C/C","C/C","C/C","C/C","C/C","C/C","C/C","C/G","C/C","C/C","C/C","C/C","C/G","C/G","C/G","C/G","C/G","C/C","C/C","C/G","C/C","?/?","G/G","C/C","C/C","C/G","C/G","C/C","?/?","G/G","C/C","C/C","C/C","C/C","C/G","C/C","C/C","C/G","C/G","C/C","G/G","?/?","C/G","G/G","G/G","C/C","C/C","C/C","?/?","?/?","C/G","C/C","G/G","?/?","G/G","G/G","C/G","C/C","C/G","C/C","C/C","C/C","C/G","C/C","C/C","C/G","?/?","C/G","C/G","C/C","C/G","C/G","C/C","G/G","?/?","?/?","C/C","C/C","C/C","G/G","?/?","C/C","C/C","C/C","G/G","G/G","G/G","C/G","G/G","C/C","G/G","C/G","?/?","?/?","C/G","C/G","?/?","?/?","?/?","G/G","G/G","?/?","C/C","C/C","C/C","C/G","C/C","C/C","C/G","C/G","C/C","C/C","G/G","C/G","G/G","C/C","C/G","C/C","?/?","G/G","?/?","C/C","?/?","G/G","?/?","G/G","G/G","C/G","C/C","C/G","C/G","C/C","C/C","C/G","G/G","C/C","C/C","C/C","C/C","C/C","C/C","C/G","C/C","C/C","C/C","C/C","C/C","G/G","C/G","C/C","C/C","?/?","C/G","C/G","C/G","C/G","C/C","C/G","G/G","C/C","C/C","G/G","C/C","C/G","C/C","G/G","G/G","C/C","C/G","C/G","G/G","C/G","C/G","C/C","G/G","C/G","G/G","C/G","C/G","G/G","?/?","C/C","?/?","?/?","C/C","?/?","C/G","G/G","G/G","C/G","G/G","C/G","C/C","?/?","C/C","C/G","G/G","C/C","G/G","C/C","C/C","C/G","?/?","C/G","C/G","C/C","C/G","G/G","C/C","G/G","C/C","C/C","?/?","C/G","?/?","C/G","C/G","G/G","C/C","C/C","?/?","C/C","C/C","C/G","C/G","C/G","C/C","C/G","C/G","C/G","C/C","C/C","G/G","C/C","G/G","C/C","C/G","C/C","C/G","C/G","G/G","G/G","C/C","C/C","C/G","C/C","?/?","C/G","G/G","C/C","G/G","C/C","C/G","C/C","G/G","C/C","C/C","C/C","C/G","C/G","C/C","C/C","C/C","C/C","C/G","C/G","?/?","?/?","C/G","?/?","C/G","C/C","C/C","?/?","C/C","G/G","?/?","?/?","C/G","C/G","C/C","C/G","G/G","G/G","C/C","C/G","C/G","C/G","C/G","C/C","C/G","C/C","C/G","C/G","C/C","C/G","?/?","C/G","?/?","C/C","C/G","C/G","G/G","C/G","C/C","?/?","C/G","C/G","C/C","C/C","C/G","G/G","C/G","C/G","C/C","C/G","C/C","G/G","C/C","G/G","C/G","?/?","G/G","?/?","C/C","C/G","C/G","C/C","C/C","C/G","C/C","G/G","C/G","C/G","C/G","C/G","C/G","C/G","C/G","C/C","C/G","C/C","C/C","C/G","G/G","G/G","C/C","C/G","C/G","C/G","C/G","C/G","?/?","?/?","C/G","C/C","G/G","?/?","C/C","G/G","?/?","C/G","C/C","C/C","C/C","G/G","C/G","C/C","C/C","C/C","C/C","C/C","C/C","C/C","C/G","C/G","C/G","C/G","C/C","C/C","C/C","C/G","C/G","C/C","?/?","C/C","G/G","C/G","C/C","C/G","?/?","C/G","G/G","C/G","C/G","C/G","G/G","?/?","C/G","?/?","C/G","G/G","C/G","C/G","G/G","C/C","G/G","C/G","C/G","G/G","C/G","C/C","C/G","C/C","C/C","C/C","?/?","C/G","C/C","G/G","G/G","C/G","C/G","?/?","C/G","C/G","C/C","G/G","?/?","C/G","G/G","C/C","?/?","C/G","C/C","C/G","C/G","C/C","C/C","C/G","C/C","G/G","C/C","C/G","C/C","C/G","C/G","C/C","C/C","G/G","C/G","C/G","G/G","C/G","C/G","G/G","C/G","G/G","?/?","G/G","G/G","C/C","C/G","G/G","C/G","C/G","C/C","C/G","?/?","C/G","G/G","?/?","C/C","C/G","G/G","G/G","?/?","C/G","G/G","C/C","C/G","C/G","C/G","G/G","C/C","C/C","G/G","C/C","C/C","C/C","C/C","C/G","C/C","C/C","C/C","C/C","C/C","C/C","C/G","C/C","C/C","C/C","C/C","C/C","C/C","C/C","C/C","C/C","C/C","C/G","?/?","C/C","G/G","G/G","C/C","C/C","C/C","G/G","G/G","G/G","G/G","C/C","C/C","C/C","C/C","C/C","?/?","C/C","?/?","C/C","C/C","C/C","C/C","C/C","G/G","G/G","G/G","G/G","G/G","G/G","C/C","C/C","C/C","?/?","C/G","C/C","C/C","G/G","G/G","G/G"
"82","PZB01238.5",6292,"7","161167790","","","PZB01238","Ra3","ra3","candidate",8310,11695,1,1,1,"C/C","C/C","C/C","C/C","C/C","C/C","C/C","C/C","C/C","C/C","C/C","C/C","C/C","C/C","C/C","C/G","C/C","C/C","C/C","C/C","C/G","C/G","C/C","C/C","C/C","C/C","C/G","?/?","C/C","C/G","C/C","C/G","C/G","C/G","C/C","C/C","C/C","?/?","C/C","C/C","C/C","C/G","C/C","C/C","C/G","C/G","G/G","C/C","C/C","C/C","C/C","C/C","C/C","C/C","G/G","C/C","C/C","C/C","C/C","C/C","G/G","C/C","C/C","C/C","C/C","C/C","C/C","C/G","C/C","C/C","C/G","C/G","C/C","C/G","C/C","C/C","C/C","C/C","C/G","C/C","C/C","C/G","C/G","C/C","C/C","C/C","C/C","C/C","?/?","C/C","C/C","C/C","C/C","C/C","C/C","C/C","C/C","C/C","C/C","C/C","C/C","C/C","C/C","C/C","C/C","C/C","C/C","C/C","C/C","C/C","C/C","C/C","C/C","C/C","C/C","C/C","C/C","C/C","C/C","C/C","C/C","C/C","C/C","C/C","C/C","C/C","C/C","C/C","C/C","C/C","C/C","C/C","C/C","C/C","C/C","C/C","C/C","?/?","C/C","C/C","C/C","C/C","?/?","C/C","C/C","C/C","C/C","C/C","C/C","C/C","C/C","C/C","C/C","C/C","C/C","C/C","C/C","C/C","C/C","C/C","C/C","C/C","C/C","C/C","C/C","C/C","C/C","C/G","C/C","C/C","C/C","C/C","C/G","C/G","C/C","C/C","C/G","C/C","C/C","C/C","C/C","C/C","C/C","C/C","C/C","C/C","C/C","C/G","C/C","C/C","C/C","C/C","?/?","C/G","C/C","G/G","C/C","C/C","C/C","C/C","C/G","C/G","C/C","C/C","C/C","C/C","C/C","?/?","C/C","C/C","C/C","C/C","C/C","C/G","C/C","?/?","C/C","C/C","C/C","C/C","G/G","C/C","C/C","C/C","C/C","C/C","C/G","C/C","C/C","C/C","C/C","C/C","C/C","C/C","C/G","C/C","C/C","C/C","C/C","C/C","C/C","C/C","C/C","C/C","C/C","C/C","G/G","C/C","C/G","C/C","C/C","?/?","C/C","C/G","C/G","C/G","C/C","C/C","C/G","C/G","C/C","C/C","C/C","C/C","C/C","C/C","C/C","?/?","C/C","C/C","C/G","G/G","C/C","?/?","G/G","C/G","C/G","C/C","C/G","C/C","C/C","C/C","?/?","C/G","C/C","C/C","C/C","C/C","C/C","C/G","C/G","C/G","G/G","C/C","C/G","C/C","C/C","C/C","C/G","C/G","C/G","C/G","C/G","C/C","C/G","?/?","C/C","C/G","?/?","?/?","?/?","C/G","C/C","C/G","C/G","C/C","C/C","C/C","G/G","C/G","C/G","C/C","C/C","C/C","C/C","C/C","C/C","?/?","C/C","C/G","C/C","C/C","?/?","C/G","C/C","C/C","C/C","C/C","C/C","C/C","C/C","C/C","C/C","C/C","C/C","C/C","C/C","C/C","C/C","C/C","C/C","C/G","C/C","C/C","C/C","?/?","C/C","C/C","C/C","C/C","C/G","G/G","C/C","C/C","C/C","C/C","C/C","C/C","C/C","C/G","C/C","C/C","C/C","?/?","C/C","?/?","C/C","C/C","C/C","C/G","C/C","C/C","C/C","C/C","C/C","C/C","?/?","C/G","C/C","G/G","C/C","C/C","?/?","C/C","C/C","C/C","?/?","C/G","C/C","C/C","C/C","?/?","?/?","C/G","C/C","?/?","C/G","C/C","C/G","C/G","C/G","C/G","G/G","C/G","C/C","C/C","C/C","C/C","C/G","?/?","C/C","C/C","C/G","C/G","C/C","C/C","G/G","C/C","C/G","G/G","C/G","C/G","C/C","C/G","C/G","C/C","C/G","C/G","C/G","C/C","G/G","C/G","G/G","C/G","C/C","C/C","C/C","G/G","C/C","C/G","C/G","C/C","C/G","?/?","C/C","?/?","C/G","?/?","C/C","C/C","?/?","C/C","C/G","C/G","C/C","C/C","G/G","C/G","C/C","C/C","?/?","C/C","C/C","C/C","C/C","C/C","?/?","C/C","C/C","?/?","C/C","C/G","C/C","C/C","C/C","C/C","C/C","C/C","C/C","C/C","C/C","C/C","C/C","C/C","C/C","C/C","C/C","C/C","C/C","?/?","C/C","C/C","?/?","C/C","C/C","C/C","C/C","C/C","C/C","C/C","C/C","C/C","C/C","C/C","C/C","C/C","C/C","C/C","C/C","C/G","C/G","C/C","C/C","?/?","C/C","C/C","C/C","C/G","C/C","C/C","C/C","C/C","C/C","C/C","C/C","C/C","C/C","C/C","C/C","C/C","C/C","C/C","C/G","C/C","?/?","C/C","C/C","C/C","C/C","C/C","C/C","C/C","C/C","C/C","C/C","C/C","C/C","C/C","C/C","C/C","C/C","C/C","?/?","C/C","C/C","C/C","?/?","C/C","C/C","C/G","?/?","C/C","C/C","C/C","C/C","C/C","C/C","C/C","C/C","C/C","C/G","C/G","C/G","?/?","C/G","C/C","C/G","C/C","C/G","C/C","C/C","C/C","C/C","C/C","C/C","C/G","C/C","C/C","C/C","C/C","C/C","C/C","C/C","C/C","C/C","C/G","C/C","C/C","C/C","C/C","C/G","C/C","C/C","?/?","C/G","C/C","C/C","C/C","C/C","G/G","C/C","C/C","C/C","C/C","C/C","C/C","C/G","C/C","C/C","C/C","C/C","C/G","C/C","C/C","C/C","C/C","C/C","C/C","C/C","C/C","C/G","C/C","C/C","C/C","C/C","G/G","C/C","C/C","C/C","C/C","C/C","C/C","C/C","C/C","C/C","C/C","C/G","G/G","C/C","C/C","C/C","C/C","C/C","C/C","C/C","C/C","C/C","C/C","?/?","C/C","C/G","C/C","C/C","C/C","C/C","C/C","C/C","C/C","C/C","C/C","C/C","C/C","C/C","C/C","C/C","C/C","C/C","C/C","C/C","C/C","C/C","C/C","C/C","C/G","C/C","C/C","C/C","C/C","C/C","C/C","C/C","C/C","C/C","C/C","C/C","C/C","C/C","C/C","C/C","C/C","C/C","C/C","C/C","C/C","C/G","C/G","C/C","C/C","C/C","C/G","C/G","C/G","C/G","C/C","C/G","C/C","C/C","C/C","?/?","C/G","C/C","C/C","C/C","C/C","C/C","C/C","C/C","C/C","C/C","C/C","C/C","C/C","C/C","C/C","C/C","C/C","C/C","C/C","C/C","?/?","C/C","C/C","C/C","C/C","C/C","?/?","C/C","C/C","C/G","C/C","C/G","C/C","C/C","C/C","C/G","C/G","C/G","C/G","C/C","C/C","C/C","C/G","C/C","C/C","C/C","C/C","C/G","C/C","C/C","?/?","C/C","C/C","C/C","C/C","C/C","C/C","C/G","?/?","C/C","C/C","C/C","C/G","G/G","C/C","C/C","C/C","C/G","C/C","C/C","C/C","C/C","C/C","C/C","C/C","C/C","C/C","C/C","C/C","C/C","C/C","C/C","C/C","C/C","C/G","C/C","C/C","C/C","C/C","C/C","C/C","C/C","C/C","?/?","C/C","?/?","C/C","C/C","C/C","C/G","C/C","C/C","C/C","C/C","C/C","C/C","C/G","C/C","C/C","?/?","C/C","C/G","C/G","C/G","C/G","C/C","C/C","C/G","C/C","C/G","C/G","C/C","C/C","C/C","C/G","C/G","C/C","C/C","G/G","C/C","C/C","C/C","C/C","C/C","C/G","C/C","C/C","C/C","C/G","C/C","?/?","C/C","C/C","?/?","C/G","C/C","C/G","C/G","C/C","C/C","C/G","C/C","C/G","C/C","C/C","C/C","C/C","C/G","C/G","C/C","C/C","C/C","?/?","C/G","G/G","?/?","C/C","?/?","?/?","C/C","C/C","G/G","G/G","C/C","C/C","C/C","C/C","C/C","C/C","C/C","C/C","C/G","C/C","C/C","C/C","C/C","C/C","C/G","C/C","C/C","C/C","C/C","C/C","C/C","C/C","C/C","C/C","C/C","C/C","C/C","C/C","C/C","C/C","C/C","C/C","G/G","G/G","G/G","C/C","C/C","C/C","C/C","C/C","C/C","C/C","C/C","C/C","C/C","?/?","C/C","G/G","G/G","C/C","C/C","C/C","C/C","C/C","C/C","C/C","C/C","C/C","C/C","C/C","C/C","C/C","C/C","C/C","C/C","C/C","C/C","C/C","C/C","C/C","C/C","C/C","C/C"
"75","PZB00598.2",6231,"7","161518065","","","PZB00598","AZM4_85148","AZM4_85148","candidate",10085,11585,0,0,0,"A/A","A/A","?/?","A/A","A/A","A/A","A/A","A/A","A/A","A/A","A/A","A/A","A/A","A/A","A/A","A/A","A/A","A/A","A/A","A/A","A/A","A/A","A/A","A/A","A/A","A/A","A/A","?/?","A/A","A/A","A/A","A/A","A/A","A/A","A/A","A/A","A/A","A/A","A/A","A/A","A/A","A/A","A/A","A/A","A/A","A/A","A/A","A/A","A/A","A/A","A/A","A/A","A/A","A/A","A/A","A/A","A/A","A/A","A/A","A/A","A/A","A/A","A/A","A/A","A/A","A/A","A/A","A/A","A/A","A/A","A/A","A/A","A/A","A/A","A/A","A/A","A/A","A/G","A/A","A/A","A/A","A/A","A/A","A/A","A/A","A/A","A/A","A/A","?/?","A/A","A/A","A/A","A/A","A/A","A/A","A/A","A/A","A/A","A/A","A/A","A/A","A/A","A/A","A/A","A/A","A/A","A/A","A/A","A/A","A/A","A/A","A/A","A/A","A/A","A/A","A/A","A/A","A/A","A/A","A/A","A/A","A/A","A/A","A/A","A/A","A/A","A/A","A/A","A/A","A/A","A/A","A/A","A/A","A/A","A/A","A/A","A/A","A/A","A/A","A/A","A/A","A/A","A/A","A/A","A/A","A/A","A/A","A/A","A/A","A/A","A/A","A/A","?/?","A/A","A/A","A/A","A/A","A/A","A/A","?/?","A/A","A/A","A/A","A/A","A/A","A/A","A/A","A/A","A/A","A/A","A/A","A/A","A/A","A/A","A/A","A/A","A/A","A/A","A/A","A/A","A/A","A/A","A/A","A/A","A/A","A/A","A/A","A/A","A/A","A/A","A/A","A/A","A/A","A/A","A/A","A/A","A/A","A/A","A/A","A/A","A/A","A/A","A/A","A/A","A/A","A/A","A/A","A/A","A/A","A/A","A/A","A/A","A/A","A/A","A/A","A/A","A/A","A/A","A/A","A/A","A/A","A/A","A/A","A/A","A/A","A/A","A/A","A/A","A/A","A/A","A/A","A/A","A/A","A/A","A/A","A/A","A/A","A/A","A/A","A/A","A/A","A/A","A/A","A/A","G/G","A/A","A/A","A/A","A/A","A/A","A/A","?/?","A/A","A/A","A/A","A/A","A/G","A/A","A/A","A/A","A/A","A/A","A/A","A/A","A/A","A/A","A/A","A/A","A/A","A/A","A/A","A/A","A/A","?/?","A/A","A/A","A/A","A/A","A/A","A/A","A/A","A/A","A/A","A/A","A/A","A/A","A/A","A/A","A/A","A/A","A/A","A/A","A/A","A/A","A/A","A/A","A/A","A/A","A/A","A/A","A/A","A/A","A/A","A/A","A/A","A/A","A/A","A/A","A/A","A/A","A/A","A/A","A/G","A/A","A/A","A/A","A/A","A/A","A/A","A/A","A/A","A/A","A/A","A/A","A/A","A/A","A/A","A/A","A/A","A/A","A/A","A/A","A/G","A/G","G/G","A/A","A/G","A/G","A/G","A/G","A/A","A/A","A/G","A/A","A/A","A/A","A/G","A/A","A/A","A/G","A/G","A/G","G/G","A/A","A/A","A/A","A/A","A/A","A/A","A/A","A/A","?/?","A/A","A/A","A/A","A/A","A/A","A/A","A/A","A/A","A/A","A/A","A/A","A/A","A/A","A/A","A/A","A/A","A/A","A/A","A/G","A/G","A/A","A/A","A/A","A/A","A/A","A/A","A/A","A/A","A/A","A/A","A/A","A/A","A/A","A/A","A/A","A/A","A/G","A/A","A/A","A/A","A/A","A/A","A/A","A/A","A/A","A/A","A/A","A/A","A/G","A/A","A/A","A/A","A/G","A/A","A/G","A/A","A/A","A/G","A/G","A/A","A/A","G/G","A/A","A/A","A/A","A/A","A/A","A/A","A/A","A/A","A/A","A/A","A/A","A/A","A/A","A/A","?/?","A/G","A/A","A/A","A/A","A/A","A/A","A/A","A/A","A/A","A/A","A/A","A/A","A/A","A/A","A/A","A/A","A/A","A/A","A/A","A/A","A/A","A/A","A/A","A/A","A/A","A/A","A/A","?/?","A/A","A/A","A/A","A/A","A/A","A/A","A/A","A/G","A/A","A/A","A/A","A/A","A/A","A/A","A/A","A/A","A/A","A/A","A/A","A/A","A/A","A/A","A/A","A/A","A/A","A/A","A/A","A/A","A/A","A/A","A/A","A/A","A/A","A/A","A/A","A/A","A/A","A/A","A/A","A/A","A/A","A/A","A/A","A/A","A/A","A/A","A/A","A/A","A/A","A/A","A/A","A/A","A/A","A/A","A/A","A/A","A/A","A/A","A/A","A/A","A/A","A/A","A/A","A/G","A/A","A/A","A/A","A/A","A/A","A/A","A/A","A/A","A/A","A/A","A/A","A/A","A/A","A/A","A/A","A/A","A/A","A/A","A/A","A/A","A/A","A/A","A/A","A/A","A/A","A/A","A/A","A/A","A/A","A/A","?/?","A/A","A/A","A/A","A/A","A/A","A/A","A/A","A/A","A/A","A/A","A/A","A/A","A/A","A/A","A/A","A/A","A/A","A/A","A/A","A/A","A/G","A/A","A/A","A/A","A/A","A/A","A/A","A/A","A/A","A/A","A/A","A/A","A/A","?/?","A/A","A/A","A/A","A/A","A/A","A/A","A/A","A/A","A/A","A/A","A/A","A/A","A/A","A/A","A/A","A/A","A/A","A/A","A/A","A/A","A/A","A/A","A/A","A/A","A/A","A/A","A/A","A/A","A/A","A/A","A/A","A/A","A/A","A/A","A/A","A/A","A/A","A/A","A/A","A/A","A/A","A/A","A/A","A/A","A/A","A/A","A/A","A/A","A/A","?/?","A/A","A/A","A/A","A/A","A/A","A/A","A/A","A/A","A/A","A/A","A/A","A/A","A/A","A/A","A/A","A/A","A/A","A/A","A/A","A/A","A/A","A/A","A/A","A/A","A/A","A/A","A/G","A/A","A/A","A/A","A/A","A/A","A/A","A/A","A/A","A/A","A/A","A/A","A/A","A/A","A/A","A/A","A/A","A/G","A/A","A/A","A/A","A/A","A/A","A/A","A/A","A/A","A/A","A/A","A/A","A/A","A/A","A/A","A/A","A/A","A/A","A/A","A/A","A/A","A/A","A/A","A/A","A/A","A/A","A/A","A/A","A/A","A/A","A/A","A/A","A/A","A/A","A/A","A/A","A/A","A/A","A/A","A/A","A/A","A/A","A/A","A/A","A/A","A/A","A/A","A/A","A/A","A/A","A/A","A/A","A/A","A/A","A/A","A/A","A/A","A/A","A/A","A/A","A/A","A/A","A/A","A/A","A/A","A/A","A/A","A/A","A/A","A/A","A/A","A/A","A/A","A/A","A/A","A/A","A/A","A/A","A/A","A/A","A/A","A/A","A/A","A/A","A/A","A/A","A/A","A/A","A/A","A/A","A/A","A/A","A/A","A/A","A/A","A/A","A/A","A/A","A/G","A/A","A/A","A/A","A/A","A/A","A/A","A/A","A/A","A/A","A/A","A/A","A/A","A/A","A/A","A/A","A/A","A/A","A/A","A/A","A/A","A/A","A/A","A/A","A/A","A/A","A/G","A/A","A/A","A/A","A/A","A/A","A/A","A/A","A/A","A/A","A/A","A/A","A/A","A/G","A/A","A/A","A/A","A/A","A/A","A/A","A/A","A/A","A/A","A/A","A/A","A/A","A/G","A/A","A/A","A/A","A/A","A/A","A/A","A/A","A/A","A/A","A/A","A/A","A/G","A/A","A/A","A/A","A/A","A/A","A/A","A/A","A/G","A/A","A/A","A/A","A/A","A/G","A/A","A/G","A/A","A/A","A/A","A/A","A/A","A/A","A/A","A/A","A/A","A/A","A/A","A/A","A/A","A/A","A/A","A/A","A/A","A/A","A/A","?/?","A/A","A/A","A/A","A/A","A/A","A/A","A/A","A/A","A/A","A/A","A/A","A/A","A/A","A/A","A/A","A/A","A/A","A/A","A/A","A/A","A/A","A/A","A/A","A/A","A/A","A/A","A/A","A/A","A/A","A/A","A/A","A/A","A/G","G/G","A/A","A/A","A/G","A/A","A/A","A/A","A/A","A/A","A/A","A/A","A/A","A/A","A/A","G/G","G/G","G/G","A/A","?/?","A/A","A/A","A/A","A/A","A/A","A/A","A/A","G/G","G/G","G/G","A/A","A/A","A/A","A/A","A/A","A/A","A/A","A/A","A/A","A/A","A/A","A/A","A/A","A/A","A/A","A/A","G/G","G/G","G/G","A/A","A/A","A/A","A/A","A/A","A/A","A/A"
"74","PZB00598.1",6230,"7","161518116","","","PZB00598","AZM4_85148","AZM4_85148","candidate",8267,11584,1,1,1,"C/C","C/C","C/C","C/C","C/C","C/C","C/C","C/C","C/C","C/C","C/C","C/C","C/C","C/C","C/C","C/C","C/C","C/C","C/C","C/C","C/C","C/C","C/C","C/C","C/C","C/C","C/C","C/C","C/C","C/C","C/C","C/C","C/C","C/C","C/C","C/C","C/C","C/C","C/C","C/C","C/C","C/C","C/C","C/C","C/C","C/C","C/C","C/C","C/C","C/C","C/C","C/C","C/C","C/C","C/C","C/C","C/C","C/C","C/C","C/C","C/C","C/C","C/C","C/C","C/C","C/C","C/C","C/C","C/C","C/C","C/C","C/C","C/C","C/C","C/C","C/C","C/C","C/C","C/C","C/C","C/C","C/C","C/C","C/C","C/C","C/C","C/C","C/C","?/?","C/C","C/C","C/C","C/C","C/C","C/C","C/C","C/C","C/C","C/C","C/C","C/C","C/C","C/C","C/C","C/C","C/C","C/C","C/C","C/C","C/C","C/C","?/?","C/C","C/C","C/C","C/C","C/C","C/C","C/C","C/C","C/C","?/?","C/C","C/C","C/C","C/C","C/C","C/C","C/C","C/C","C/C","C/C","C/C","C/C","C/C","C/C","C/C","C/C","C/C","C/C","C/C","C/C","C/C","C/C","C/C","C/C","C/C","C/C","C/C","C/C","C/C","C/C","C/C","C/C","C/C","C/C","C/C","C/C","C/C","C/C","C/C","C/C","C/C","C/C","C/C","C/C","C/C","C/C","C/C","C/C","C/C","C/C","C/C","C/C","C/C","C/C","C/C","C/C","C/C","C/C","C/C","C/C","C/C","C/C","C/C","C/C","C/C","?/?","C/C","C/C","C/C","C/C","C/C","C/C","?/?","C/C","C/C","C/C","C/C","C/C","?/?","C/C","C/C","C/C","C/C","C/C","C/C","C/C","C/C","C/C","C/C","C/C","C/C","C/C","C/C","C/C","C/C","C/C","C/C","C/C","C/C","C/C","C/C","C/C","C/C","C/C","C/C","C/C","C/C","C/C","C/C","C/C","C/C","C/C","C/C","C/C","C/C","C/C","C/C","C/C","C/C","C/C","C/C","C/C","A/A","C/C","C/C","C/C","C/C","C/C","C/C","?/?","C/C","C/C","C/C","C/C","?/?","C/C","C/C","C/C","C/C","C/C","C/C","C/C","C/C","C/C","C/C","C/C","C/C","C/C","C/C","C/C","?/?","?/?","C/C","C/C","C/C","C/C","C/C","C/C","C/C","C/C","C/C","C/C","C/C","C/C","C/C","C/C","C/C","C/C","C/C","C/C","C/C","C/C","C/C","C/C","C/C","C/C","C/C","C/C","C/C","C/C","C/C","C/C","C/C","C/C","C/C","C/C","C/C","C/C","?/?","C/C","A/C","C/C","C/C","C/C","C/C","C/C","C/C","C/C","C/C","C/C","C/C","C/C","C/C","C/C","C/C","C/C","C/C","C/C","C/C","C/C","A/C","A/C","A/A","C/C","A/C","A/A","A/C","A/C","C/C","C/C","A/C","C/C","C/C","C/C","A/C","C/C","C/C","A/C","A/C","A/C","A/A","C/C","C/C","C/C","C/C","C/C","C/C","C/C","C/C","?/?","C/C","C/C","C/C","C/C","C/C","C/C","C/C","C/C","C/C","C/C","C/C","C/C","C/C","C/C","C/C","C/C","C/C","C/C","A/C","A/C","C/C","C/C","C/C","C/C","C/C","C/C","C/C","C/C","C/C","C/C","C/C","C/C","C/C","C/C","C/C","C/C","A/C","C/C","C/C","C/C","C/C","C/C","C/C","C/C","C/C","C/C","C/C","C/C","A/A","C/C","C/C","C/C","A/A","C/C","A/C","C/C","C/C","A/A","A/C","C/C","C/C","C/C","C/C","C/C","C/C","C/C","C/C","C/C","C/C","C/C","C/C","C/C","C/C","C/C","C/C","C/C","C/C","?/?","C/C","C/C","C/C","C/C","C/C","C/C","C/C","C/C","C/C","C/C","C/C","C/C","C/C","C/C","C/C","C/C","C/C","C/C","C/C","C/C","C/C","C/C","C/C","C/C","C/C","C/C","?/?","C/C","C/C","C/C","C/C","C/C","C/C","C/C","C/C","C/C","C/C","C/C","C/C","C/C","C/C","C/C","C/C","C/C","C/C","C/C","C/C","C/C","C/C","C/C","C/C","C/C","C/C","C/C","C/C","C/C","C/C","?/?","C/C","C/C","C/C","C/C","C/C","C/C","C/C","C/C","C/C","C/C","C/C","C/C","C/C","C/C","C/C","C/C","C/C","C/C","C/C","C/C","C/C","C/C","C/C","C/C","C/C","C/C","C/C","C/C","C/C","C/C","C/C","C/C","C/C","C/C","C/C","C/C","C/C","C/C","C/C","C/C","C/C","C/C","C/C","C/C","C/C","C/C","C/C","C/C","C/C","C/C","C/C","C/C","C/C","C/C","C/C","C/C","C/C","C/C","C/C","C/C","C/C","C/C","C/C","?/?","C/C","C/C","C/C","C/C","C/C","C/C","C/C","C/C","C/C","C/C","C/C","C/C","C/C","C/C","C/C","C/C","C/C","C/C","C/C","C/C","A/C","C/C","C/C","C/C","C/C","C/C","C/C","C/C","C/C","C/C","C/C","C/C","C/C","?/?","C/C","C/C","C/C","C/C","C/C","C/C","C/C","C/C","C/C","C/C","C/C","C/C","C/C","C/C","C/C","C/C","C/C","C/C","C/C","C/C","C/C","C/C","C/C","C/C","C/C","?/?","C/C","C/C","C/C","C/C","?/?","?/?","C/C","C/C","C/C","C/C","C/C","C/C","C/C","C/C","C/C","C/C","C/C","C/C","C/C","C/C","C/C","C/C","C/C","?/?","C/C","C/C","C/C","C/C","C/C","C/C","C/C","C/C","C/C","?/?","C/C","?/?","C/C","C/C","C/C","C/C","C/C","C/C","?/?","C/C","C/C","C/C","C/C","C/C","C/C","C/C","A/C","C/C","C/C","C/C","C/C","C/C","C/C","?/?","C/C","C/C","C/C","C/C","C/C","C/C","C/C","C/C","C/C","A/C","C/C","C/C","C/C","C/C","C/C","C/C","C/C","C/C","C/C","C/C","C/C","C/C","C/C","C/C","C/C","C/C","C/C","C/C","C/C","C/C","C/C","C/C","C/C","C/C","C/C","C/C","C/C","C/C","C/C","C/C","C/C","C/C","C/C","C/C","C/C","C/C","C/C","C/C","C/C","C/C","C/C","C/C","C/C","C/C","C/C","C/C","C/C","C/C","C/C","C/C","?/?","C/C","C/C","C/C","C/C","C/C","C/C","C/C","C/C","C/C","C/C","C/C","C/C","C/C","C/C","C/C","C/C","C/C","C/C","C/C","C/C","C/C","C/C","C/C","C/C","C/C","C/C","C/C","C/C","C/C","C/C","C/C","C/C","C/C","C/C","C/C","C/C","C/C","C/C","C/C","C/C","C/C","C/C","C/C","C/C","C/C","C/C","A/C","C/C","C/C","C/C","C/C","C/C","C/C","C/C","C/C","C/C","C/C","C/C","C/C","C/C","C/C","C/C","C/C","C/C","C/C","C/C","C/C","C/C","C/C","C/C","C/C","?/?","A/C","C/C","C/C","C/C","C/C","C/C","C/C","C/C","C/C","C/C","C/C","C/C","C/C","A/C","C/C","C/C","C/C","C/C","C/C","C/C","C/C","C/C","C/C","C/C","C/C","C/C","A/C","C/C","C/C","C/C","C/C","C/C","C/C","C/C","?/?","C/C","C/C","C/C","A/A","C/C","C/C","C/C","C/C","C/C","C/C","C/C","A/C","C/C","C/C","C/C","C/C","A/C","C/C","A/C","C/C","C/C","C/C","C/C","C/C","C/C","C/C","C/C","C/C","C/C","C/C","C/C","C/C","C/C","C/C","C/C","C/C","C/C","C/C","C/C","C/C","C/C","C/C","C/C","C/C","C/C","C/C","C/C","C/C","C/C","C/C","C/C","C/C","C/C","C/C","C/C","C/C","C/C","C/C","C/C","C/C","C/C","C/C","C/C","C/C","C/C","C/C","C/C","C/C","C/C","C/C","?/?","A/C","A/A","C/C","?/?","A/C","C/C","C/C","C/C","C/C","C/C","C/C","C/C","C/C","C/C","C/C","A/A","A/A","A/A","C/C","C/C","C/C","C/C","C/C","C/C","C/C","C/C","C/C","A/A","A/A","A/A","C/C","C/C","C/C","C/C","C/C","C/C","C/C","C/C","C/C","C/C","C/C","C/C","?/?","?/?","C/C","?/?","A/A","A/A","A/A","C/C","C/C","C/C","C/C","C/C","C/C","C/C"
"17","PZA00227.8",10997,"7","161520499","","","PZA00227","AY109140","AY109140","random",9876,10674,1,1,1,"G/G","A/A","A/A","A/G","A/G","G/G","A/G","A/G","A/G","A/G","G/G","G/G","A/A","G/G","A/A","G/G","G/G","A/G","A/A","?/?","A/G","A/G","A/G","A/A","A/G","A/G","A/A","G/G","G/G","A/G","A/G","G/G","A/A","A/A","G/G","G/G","A/G","G/G","G/G","A/G","G/G","A/G","G/G","A/A","G/G","G/G","G/G","A/G","G/G","A/A","A/G","A/G","G/G","G/G","G/G","G/G","A/G","G/G","A/A","G/G","G/G","A/G","A/G","A/G","G/G","G/G","G/G","G/G","G/G","A/G","A/G","G/G","G/G","G/G","A/G","A/G","G/G","G/G","A/G","G/G","G/G","A/G","A/G","G/G","A/G","G/G","A/A","A/A","A/G","G/G","G/G","G/G","A/G","G/G","G/G","G/G","A/A","G/G","G/G","G/G","A/G","A/G","G/G","G/G","A/A","A/G","A/A","A/G","A/G","G/G","A/G","G/G","G/G","A/A","G/G","A/G","G/G","G/G","A/G","G/G","G/G","G/G","G/G","?/?","A/G","G/G","G/G","G/G","G/G","A/G","A/G","G/G","A/G","A/A","A/G","A/G","G/G","G/G","A/G","A/G","G/G","A/G","G/G","A/A","G/G","A/A","G/G","A/A","G/G","A/G","A/G","A/G","G/G","A/G","G/G","A/G","A/G","A/G","A/A","G/G","A/G","G/G","A/A","A/G","G/G","G/G","A/G","G/G","G/G","G/G","G/G","G/G","G/G","A/G","G/G","G/G","G/G","A/G","G/G","A/G","G/G","G/G","A/G","G/G","G/G","A/A","G/G","G/G","A/G","G/G","A/G","G/G","G/G","A/G","A/G","G/G","A/A","?/?","G/G","G/G","G/G","A/G","G/G","G/G","A/G","A/G","A/G","A/A","A/A","A/G","A/A","A/G","A/G","A/G","A/G","G/G","A/G","A/A","A/G","G/G","A/G","G/G","G/G","A/G","A/G","?/?","A/A","G/G","A/A","G/G","A/A","A/G","G/G","G/G","A/G","A/A","A/A","A/A","A/G","A/G","A/G","A/G","A/A","G/G","G/G","G/G","G/G","G/G","G/G","G/G","?/?","G/G","A/A","G/G","G/G","G/G","A/G","G/G","A/G","G/G","G/G","G/G","A/G","A/G","G/G","G/G","G/G","G/G","G/G","G/G","G/G","A/G","A/G","G/G","G/G","G/G","A/G","G/G","G/G","A/G","A/A","A/G","A/A","G/G","G/G","G/G","G/G","A/G","G/G","A/G","G/G","G/G","G/G","A/G","G/G","A/G","A/G","G/G","?/?","G/G","G/G","A/G","G/G","G/G","G/G","A/G","G/G","A/G","G/G","A/A","A/G","A/G","G/G","A/G","A/G","G/G","A/G","A/G","G/G","A/G","G/G","A/G","?/?","A/G","G/G","A/G","A/G","G/G","A/G","A/G","G/G","?/?","G/G","G/G","G/G","G/G","A/G","G/G","A/G","A/G","A/G","A/A","G/G","G/G","G/G","A/G","A/G","A/G","G/G","G/G","A/G","G/G","G/G","A/A","A/G","G/G","G/G","G/G","G/G","G/G","G/G","G/G","G/G","G/G","A/G","G/G","A/G","A/G","G/G","A/G","A/G","G/G","A/G","G/G","G/G","A/G","G/G","G/G","A/A","A/G","G/G","G/G","G/G","G/G","G/G","G/G","?/?","A/G","G/G","G/G","A/G","G/G","A/A","A/G","G/G","A/G","?/?","G/G","G/G","G/G","G/G","G/G","G/G","G/G","G/G","A/G","A/G","G/G","G/G","G/G","G/G","A/G","?/?","G/G","G/G","?/?","G/G","A/G","G/G","G/G","G/G","G/G","A/G","A/G","A/G","A/G","G/G","G/G","A/A","A/A","A/G","G/G","A/G","A/G","G/G","A/G","G/G","A/G","A/G","G/G","A/G","A/G","A/G","A/G","G/G","A/G","G/G","A/A","A/G","A/G","A/A","G/G","A/G","A/A","A/G","A/G","A/G","G/G","A/G","G/G","A/G","A/A","A/G","A/G","G/G","G/G","?/?","G/G","A/G","G/G","G/G","G/G","G/G","G/G","G/G","G/G","G/G","A/G","G/G","A/A","G/G","A/G","G/G","A/A","?/?","A/G","A/G","A/G","G/G","?/?","A/G","A/G","A/A","A/G","G/G","G/G","?/?","G/G","A/G","G/G","G/G","G/G","G/G","G/G","G/G","G/G","A/G","A/A","G/G","G/G","A/G","A/A","G/G","G/G","G/G","G/G","G/G","A/G","G/G","A/G","A/G","A/G","G/G","A/A","A/G","A/A","G/G","G/G","G/G","G/G","G/G","?/?","G/G","G/G","A/G","G/G","A/G","G/G","A/G","G/G","G/G","G/G","A/G","A/A","A/G","G/G","G/G","G/G","A/G","G/G","A/A","A/G","?/?","G/G","G/G","A/G","A/G","A/A","G/G","A/A","?/?","A/A","G/G","A/G","G/G","G/G","A/G","G/G","G/G","G/G","G/G","G/G","A/G","A/G","A/G","A/A","A/G","A/G","G/G","A/G","G/G","A/G","G/G","G/G","G/G","A/G","G/G","G/G","G/G","G/G","G/G","G/G","G/G","G/G","A/G","G/G","A/G","A/G","G/G","?/?","?/?","A/A","G/G","A/G","A/G","G/G","A/G","A/G","G/G","A/G","G/G","A/G","G/G","A/G","A/G","G/G","G/G","G/G","G/G","G/G","A/G","A/G","G/G","A/A","A/A","A/G","G/G","G/G","A/G","A/G","A/A","G/G","A/G","G/G","A/G","G/G","A/A","G/G","A/G","A/G","A/A","G/G","G/G","G/G","G/G","A/G","A/G","G/G","G/G","G/G","G/G","G/G","A/G","?/?","G/G","G/G","?/?","A/A","G/G","A/G","G/G","G/G","G/G","A/G","G/G","G/G","A/A","G/G","A/G","A/G","G/G","A/A","G/G","G/G","G/G","G/G","A/A","G/G","G/G","G/G","G/G","A/G","A/G","A/G","G/G","G/G","G/G","A/G","?/?","G/G","A/G","G/G","G/G","A/G","G/G","G/G","G/G","G/G","G/G","A/G","G/G","A/G","G/G","G/G","A/G","G/G","G/G","A/G","G/G","G/G","A/G","A/G","A/G","A/G","G/G","A/G","G/G","G/G","G/G","A/G","A/A","A/G","A/G","?/?","G/G","A/G","A/G","G/G","A/G","A/A","G/G","G/G","A/A","A/G","A/A","A/G","A/A","G/G","A/A","G/G","A/G","A/G","A/G","A/G","A/A","A/G","A/A","A/G","A/G","A/G","A/A","A/G","A/A","A/G","A/A","A/G","A/A","A/G","A/G","A/A","A/G","G/G","G/G","A/G","A/A","?/?","G/G","G/G","A/G","G/G","A/G","G/G","A/G","A/G","A/G","G/G","G/G","G/G","A/A","G/G","A/G","A/G","G/G","A/G","G/G","G/G","A/G","A/G","G/G","G/G","A/G","A/G","A/G","A/G","A/A","G/G","G/G","G/G","G/G","G/G","G/G","G/G","G/G","A/G","G/G","G/G","G/G","G/G","A/A","A/G","G/G","G/G","G/G","G/G","G/G","G/G","G/G","G/G","G/G","G/G","G/G","A/G","G/G","A/A","A/G","G/G","A/G","A/G","G/G","G/G","?/?","A/G","G/G","G/G","G/G","A/A","A/G","A/G","G/G","G/G","G/G","A/G","A/A","A/A","G/G","A/G","G/G","A/G","G/G","G/G","G/G","A/G","A/G","G/G","G/G","G/G","G/G","A/G","G/G","G/G","A/G","G/G","A/A","A/G","G/G","A/G","G/G","?/?","G/G","G/G","A/G","G/G","A/G","G/G","?/?","G/G","G/G","G/G","G/G","A/G","G/G","G/G","G/G","A/G","G/G","A/G","G/G","A/G","G/G","G/G","G/G","G/G","A/G","G/G","A/G","G/G","G/G","G/G","G/G","G/G","A/A","A/A","A/G","G/G","G/G","G/G","G/G","G/G","G/G","G/G","A/A","A/G","G/G","G/G","G/G","G/G","A/G","G/G","G/G","G/G","G/G","A/G","G/G","A/G","G/G","G/G","G/G","G/G","G/G","A/G","A/A","A/G","G/G","G/G","G/G","G/G","G/G","G/G","G/G","A/A","A/A","A/A","G/G","G/G","A/A","A/A","G/G","G/G","G/G","G/G","G/G","G/G","G/G","G/G","G/G","G/G","G/G","G/G","G/G","G/G","G/G","G/G","G/G","G/G","G/G","G/G","G/G","G/G","A/A","A/A","G/G","G/G","A/A","A/A","A/A"
"37","PZA00496.1",3972,"7","162222117","","","PZA00496","AY107317","AY107317","random",9959,10905,1,1,1,"G/G","A/G","G/G","A/G","G/G","G/G","G/G","G/G","G/G","G/G","G/G","G/G","G/G","A/G","G/G","G/G","A/G","G/G","G/G","A/A","A/G","G/G","A/A","A/A","A/G","G/G","G/G","A/A","A/A","A/G","G/G","A/G","A/G","A/G","A/G","A/G","A/G","A/G","G/G","A/G","G/G","A/G","A/G","A/G","G/G","G/G","A/G","G/G","A/G","?/?","A/G","A/A","G/G","A/G","G/G","G/G","A/G","G/G","G/G","G/G","A/G","A/G","G/G","A/G","G/G","A/G","G/G","A/G","G/G","G/G","G/G","G/G","A/G","A/G","G/G","G/G","G/G","G/G","?/?","G/G","G/G","G/G","A/G","A/G","G/G","G/G","G/G","G/G","A/G","G/G","G/G","G/G","A/G","A/A","G/G","A/G","G/G","G/G","A/G","G/G","G/G","A/G","G/G","A/G","G/G","A/G","G/G","A/G","G/G","G/G","G/G","G/G","A/G","G/G","A/A","G/G","G/G","A/G","A/G","G/G","G/G","G/G","G/G","G/G","G/G","G/G","G/G","G/G","A/G","G/G","G/G","A/G","G/G","G/G","G/G","G/G","G/G","G/G","G/G","G/G","G/G","A/G","G/G","G/G","G/G","G/G","G/G","G/G","G/G","G/G","G/G","G/G","G/G","G/G","A/A","A/G","A/G","G/G","G/G","G/G","A/G","G/G","A/G","G/G","A/A","A/G","A/G","A/G","G/G","A/G","G/G","A/G","G/G","A/G","G/G","G/G","G/G","A/A","G/G","G/G","G/G","A/A","A/G","G/G","A/A","G/G","G/G","G/G","G/G","G/G","G/G","G/G","G/G","G/G","G/G","G/G","G/G","G/G","G/G","G/G","G/G","G/G","A/G","G/G","A/G","G/G","G/G","G/G","A/G","G/G","G/G","G/G","G/G","G/G","G/G","G/G","A/G","G/G","G/G","G/G","G/G","A/G","G/G","G/G","A/G","G/G","G/G","?/?","G/G","G/G","G/G","G/G","G/G","G/G","G/G","A/G","A/G","G/G","G/G","G/G","G/G","G/G","G/G","G/G","G/G","G/G","G/G","G/G","G/G","G/G","G/G","G/G","G/G","G/G","G/G","G/G","G/G","G/G","G/G","G/G","G/G","A/G","G/G","G/G","G/G","G/G","G/G","G/G","G/G","?/?","G/G","G/G","G/G","G/G","G/G","G/G","G/G","G/G","G/G","G/G","G/G","G/G","G/G","?/?","G/G","G/G","G/G","G/G","G/G","G/G","G/G","G/G","G/G","G/G","G/G","G/G","G/G","G/G","G/G","G/G","A/G","G/G","G/G","G/G","G/G","G/G","G/G","G/G","A/G","G/G","G/G","A/G","G/G","A/G","?/?","G/G","G/G","A/G","G/G","G/G","G/G","G/G","G/G","G/G","G/G","G/G","A/G","G/G","A/G","?/?","G/G","G/G","G/G","G/G","G/G","G/G","G/G","G/G","G/G","G/G","G/G","G/G","G/G","G/G","G/G","G/G","G/G","G/G","G/G","G/G","G/G","G/G","G/G","G/G","G/G","G/G","A/G","G/G","?/?","A/G","A/G","A/G","G/G","A/G","G/G","A/G","G/G","G/G","A/G","G/G","A/G","?/?","G/G","G/G","G/G","A/G","A/G","G/G","G/G","A/G","A/G","G/G","A/G","G/G","G/G","A/G","G/G","G/G","A/G","G/G","A/G","G/G","G/G","G/G","G/G","G/G","G/G","G/G","G/G","A/G","A/G","G/G","A/G","G/G","G/G","G/G","G/G","A/G","G/G","A/G","G/G","A/G","G/G","A/G","G/G","G/G","A/G","G/G","G/G","G/G","G/G","A/G","A/G","A/A","A/G","G/G","G/G","G/G","G/G","G/G","G/G","G/G","G/G","G/G","A/G","G/G","A/G","A/G","A/G","G/G","A/G","A/G","G/G","G/G","A/G","G/G","A/G","A/G","G/G","G/G","G/G","G/G","G/G","G/G","A/A","G/G","A/G","A/A","G/G","G/G","G/G","G/G","A/G","G/G","G/G","G/G","A/G","G/G","G/G","G/G","G/G","?/?","G/G","?/?","G/G","G/G","G/G","G/G","G/G","G/G","G/G","G/G","G/G","?/?","G/G","G/G","G/G","G/G","G/G","G/G","G/G","A/A","A/A","G/G","A/G","G/G","G/G","G/G","G/G","A/G","G/G","G/G","A/G","A/A","G/G","G/G","A/G","A/A","A/A","G/G","A/G","G/G","G/G","G/G","A/G","G/G","G/G","G/G","A/G","?/?","G/G","G/G","A/G","G/G","A/G","G/G","A/G","G/G","G/G","A/G","G/G","A/G","G/G","G/G","G/G","G/G","A/G","G/G","G/G","G/G","?/?","A/G","G/G","G/G","G/G","G/G","A/G","A/G","G/G","A/G","G/G","G/G","G/G","G/G","G/G","G/G","G/G","G/G","G/G","G/G","G/G","G/G","G/G","G/G","A/A","G/G","G/G","?/?","G/G","G/G","G/G","G/G","A/G","G/G","G/G","A/A","G/G","G/G","A/A","A/G","G/G","A/G","G/G","G/G","G/G","G/G","G/G","G/G","G/G","G/G","G/G","G/G","G/G","G/G","G/G","G/G","G/G","G/G","G/G","G/G","G/G","A/G","G/G","G/G","G/G","G/G","G/G","G/G","G/G","G/G","G/G","G/G","G/G","G/G","G/G","?/?","G/G","G/G","G/G","G/G","G/G","G/G","G/G","A/G","G/G","G/G","G/G","G/G","G/G","A/G","G/G","G/G","?/?","G/G","G/G","G/G","G/G","G/G","G/G","G/G","G/G","G/G","G/G","G/G","G/G","A/G","G/G","G/G","G/G","A/G","G/G","G/G","A/G","G/G","A/G","A/G","A/A","G/G","A/G","G/G","G/G","G/G","G/G","G/G","G/G","G/G","G/G","G/G","G/G","G/G","G/G","G/G","A/G","G/G","G/G","G/G","G/G","G/G","G/G","G/G","G/G","G/G","G/G","G/G","G/G","?/?","A/G","G/G","G/G","G/G","G/G","G/G","G/G","G/G","A/G","G/G","G/G","G/G","G/G","G/G","A/G","G/G","G/G","G/G","G/G","G/G","?/?","G/G","A/A","G/G","G/G","G/G","G/G","A/G","G/G","G/G","G/G","A/G","G/G","G/G","G/G","?/?","G/G","G/G","G/G","A/G","G/G","G/G","G/G","G/G","G/G","G/G","G/G","G/G","G/G","G/G","G/G","G/G","G/G","G/G","G/G","G/G","G/G","G/G","G/G","G/G","G/G","G/G","?/?","G/G","G/G","G/G","G/G","G/G","G/G","G/G","G/G","G/G","G/G","G/G","G/G","G/G","G/G","G/G","G/G","G/G","G/G","G/G","G/G","G/G","A/G","G/G","G/G","G/G","G/G","G/G","G/G","G/G","G/G","G/G","G/G","G/G","G/G","G/G","G/G","G/G","A/A","A/G","G/G","G/G","G/G","G/G","G/G","A/G","A/G","G/G","G/G","?/?","G/G","G/G","G/G","A/G","A/G","G/G","G/G","A/G","G/G","G/G","G/G","G/G","A/G","G/G","G/G","G/G","G/G","G/G","?/?","G/G","A/G","G/G","A/G","G/G","G/G","G/G","G/G","?/?","G/G","A/G","G/G","G/G","G/G","A/G","A/G","A/G","G/G","A/G","G/G","G/G","G/G","?/?","G/G","A/A","A/G","G/G","G/G","G/G","A/G","A/A","G/G","A/G","G/G","A/G","A/G","G/G","G/G","G/G","A/G","?/?","A/G","A/G","G/G","G/G","G/G","G/G","G/G","G/G","G/G","G/G","A/G","G/G","G/G","G/G","G/G","G/G","G/G","G/G","G/G","G/G","G/G","G/G","G/G","G/G","G/G","A/G","G/G","G/G","A/G","A/G","G/G","G/G","G/G","G/G","G/G","G/G","A/G","G/G","G/G","G/G","G/G","G/G","G/G","G/G","G/G","G/G","G/G","G/G","G/G","G/G","G/G","G/G","A/G","A/G","A/A","A/A","A/A","A/A","A/G","A/G","A/A","A/A","A/A","A/G","A/A","A/G","A/A","A/A","A/G","A/G","G/G","G/G","A/A","A/A","A/A","A/A","G/G","G/G","G/G","G/G","G/G","A/A","A/A","A/A","G/G","G/G","G/G","G/G","?/?","G/G","G/G","G/G","G/G","A/A","A/A","A/A","A/A","G/G","G/G","G/G","G/G","G/G","G/G","G/G","G/G","G/G","G/G","A/A","A/A","A/A","G/G","G/G","A/A","A/A","G/G","G/G","G/G"
"40","PZA00505.4",3984,"7","162531108","","","PZA00505","AY107261","AY107261","random",7869,10923,1,1,1,"C/T","C/C","C/C","C/C","C/C","C/C","C/C","C/C","C/C","C/C","C/T","T/T","C/C","C/T","C/C","C/C","C/C","T/T","C/C","C/C","C/T","C/T","C/C","C/C","C/C","C/C","C/C","C/C","C/C","C/C","C/C","C/C","C/C","C/C","C/C","C/C","C/C","C/C","C/C","C/C","C/C","C/C","C/T","C/C","?/?","C/T","C/C","C/C","C/C","C/C","C/C","C/C","C/T","C/T","C/T","C/T","C/C","T/T","C/C","C/T","C/C","C/C","C/C","C/T","C/C","C/C","C/T","C/C","C/T","C/C","C/C","C/C","C/C","C/C","C/C","C/C","C/C","C/C","T/T","C/C","C/T","C/T","C/T","C/C","C/C","C/C","C/C","C/C","C/C","C/C","C/T","C/C","C/C","C/C","C/C","C/C","C/C","C/C","C/C","C/C","C/C","C/C","C/T","C/C","C/T","C/T","T/T","C/T","C/C","C/C","C/C","C/C","C/T","C/C","C/C","T/T","C/T","C/T","C/T","T/T","C/T","C/C","C/C","C/T","C/T","C/T","T/T","C/C","T/T","C/T","T/T","C/C","C/C","C/C","T/T","C/C","C/C","C/C","C/T","C/T","C/C","C/C","C/C","C/C","C/C","?/?","C/C","C/C","C/T","C/T","C/T","C/T","C/C","T/T","C/C","C/T","C/T","T/T","T/T","C/C","C/T","C/C","C/T","C/T","C/T","C/C","C/C","?/?","C/C","C/C","C/C","C/C","C/C","C/T","C/C","C/T","C/C","C/C","C/T","T/T","C/C","C/T","C/T","?/?","C/C","C/C","C/C","C/C","C/C","C/C","C/C","C/C","C/C","C/T","C/C","C/C","C/C","C/C","C/C","C/C","C/C","C/C","C/C","C/C","C/C","C/C","C/C","C/C","C/C","C/C","C/C","C/C","C/C","C/C","C/C","C/C","C/C","C/C","C/C","C/C","C/C","C/C","C/C","C/C","C/C","?/?","C/C","C/C","C/C","C/C","C/C","C/C","?/?","C/T","C/T","C/C","C/C","C/C","C/C","C/C","C/C","C/C","C/C","C/T","C/C","C/T","C/C","C/C","C/C","C/C","C/C","C/C","?/?","C/T","C/C","C/C","C/C","C/C","C/C","C/C","C/C","C/T","C/C","C/C","C/C","C/C","C/C","C/C","C/C","C/C","C/C","C/C","C/C","C/C","C/C","C/C","C/C","C/C","C/C","C/C","C/C","C/C","C/C","C/C","C/C","C/C","C/C","C/C","C/C","C/C","C/C","C/C","C/C","C/C","C/C","C/T","C/T","C/T","C/C","C/C","C/C","C/T","C/C","C/C","C/C","C/C","C/C","C/C","C/C","C/C","C/C","C/C","C/C","C/C","C/C","T/T","C/T","C/C","C/C","C/T","C/C","C/C","C/C","C/C","C/C","?/?","C/T","C/C","C/C","T/T","C/C","C/C","C/C","C/C","C/C","C/C","C/C","C/C","C/C","C/C","C/C","C/C","C/C","C/C","C/C","C/C","C/C","C/C","C/C","C/C","C/C","C/C","C/C","C/C","C/C","C/C","C/C","C/C","C/T","C/C","C/T","?/?","C/C","C/C","C/T","C/T","C/C","C/T","C/C","C/C","C/C","C/C","C/T","C/C","C/C","C/C","C/T","T/T","T/T","C/C","C/T","C/T","C/T","C/C","C/C","C/C","?/?","C/T","C/C","T/T","C/T","C/C","C/C","C/C","C/T","C/C","C/C","C/C","C/C","C/C","C/C","C/C","C/C","C/C","C/C","C/C","C/C","C/C","C/C","C/C","C/C","C/C","C/T","C/C","C/C","C/C","C/C","C/C","C/C","C/C","C/C","C/C","C/C","C/C","C/C","C/C","C/C","C/C","C/C","C/C","C/C","C/C","C/C","C/C","C/T","C/C","C/C","C/T","T/T","C/C","C/T","?/?","C/T","C/C","C/C","C/C","C/C","C/T","C/C","C/T","C/C","C/C","C/C","C/C","C/C","C/C","C/C","C/C","C/C","C/C","C/C","C/C","C/C","C/C","C/C","C/C","?/?","C/C","C/C","C/C","C/C","C/T","C/C","C/T","C/C","C/T","C/C","C/C","C/C","C/T","C/C","C/C","C/C","C/C","C/C","C/C","C/C","C/C","T/T","C/C","C/C","C/T","C/C","C/T","C/C","C/C","C/C","?/?","C/C","C/C","C/C","T/T","C/C","C/C","C/C","C/C","C/C","C/C","C/C","C/C","C/C","C/C","C/T","?/?","?/?","?/?","C/T","C/C","C/C","C/C","C/C","C/C","C/C","C/C","C/C","C/C","C/C","C/C","C/C","C/T","C/C","C/C","C/C","?/?","C/C","C/C","C/C","C/T","C/T","C/C","C/C","C/C","T/T","C/C","C/T","C/C","C/C","C/C","C/C","C/C","C/T","C/C","C/C","C/C","C/C","C/C","C/C","C/C","C/C","C/C","C/C","C/C","C/C","C/C","C/C","C/C","C/C","C/C","C/C","C/C","C/C","C/C","C/C","C/C","C/C","C/C","C/C","C/C","C/T","T/T","C/C","?/?","C/C","C/T","C/T","C/C","C/C","C/C","C/C","C/C","C/C","C/C","T/T","C/T","C/T","C/C","C/C","C/C","C/C","C/C","C/C","C/C","C/T","C/T","C/C","C/C","C/C","C/C","C/C","C/C","C/C","C/C","C/C","C/C","C/C","C/C","C/T","C/C","C/C","C/C","C/C","C/C","C/T","C/C","C/C","C/C","C/C","C/T","C/C","C/C","C/C","C/C","C/C","T/T","C/C","C/C","C/T","C/T","C/C","C/C","C/C","C/T","C/T","C/T","C/C","?/?","C/C","C/C","C/C","C/C","C/C","C/C","C/C","C/C","C/C","C/C","C/C","C/T","C/C","C/C","C/C","C/C","C/C","C/C","C/C","C/C","C/C","C/C","C/C","C/C","C/C","C/C","C/C","C/C","C/C","C/C","C/C","C/C","?/?","C/T","C/C","C/C","C/C","C/T","C/C","C/C","C/C","C/C","C/T","C/C","C/C","C/C","C/C","C/C","C/T","C/C","C/C","C/C","C/C","C/C","C/C","C/C","C/C","C/C","C/T","C/C","C/C","C/T","C/C","C/C","C/C","C/C","?/?","C/C","C/C","C/C","C/C","C/C","C/C","C/C","C/C","C/C","C/C","?/?","C/C","C/C","C/C","C/C","C/T","C/C","C/C","C/C","C/C","C/T","C/C","?/?","C/C","C/C","?/?","T/T","C/C","?/?","?/?","C/C","C/T","C/C","C/T","T/T","C/C","C/T","C/T","C/C","C/C","C/T","C/C","C/C","C/C","C/T","C/C","C/C","C/C","C/T","C/T","C/C","C/T","C/T","C/C","T/T","C/C","C/C","C/C","C/C","T/T","C/C","?/?","T/T","C/C","C/C","C/C","C/C","C/T","C/C","C/C","C/T","C/C","C/C","C/C","C/C","C/C","C/T","C/T","C/C","C/C","C/C","C/C","T/T","C/C","C/C","C/C","C/C","C/C","C/C","C/C","C/C","C/C","C/C","C/C","C/C","C/C","C/C","C/C","C/C","C/C","C/C","C/C","C/C","C/C","C/C","C/C","C/C","C/C","C/C","C/C","C/C","C/C","C/T","C/C","C/C","C/T","C/C","C/T","C/C","C/T","C/C","C/C","C/C","C/C","C/T","C/C","C/C","C/C","C/C","C/C","C/C","C/T","C/C","C/C","C/C","C/C","C/C","C/T","C/C","C/C","C/C","C/T","C/C","?/?","C/T","C/T","C/C","C/C","?/?","C/C","C/C","C/T","C/T","C/C","C/C","C/T","C/C","C/C","C/C","C/C","C/C","C/C","C/C","C/C","C/C","C/C","C/C","C/C","C/C","C/C","C/C","C/C","C/C","C/C","C/C","C/C","C/C","C/C","C/C","C/C","C/C","C/C","C/C","C/C","C/T","C/C","C/C","C/C","C/C","C/T","C/C","C/C","T/T","T/T","C/C","C/T","C/C","C/T","C/T","C/C","C/C","C/C","C/C","C/C","C/C","C/C","C/C","C/C","C/C","C/C","C/C","C/C","C/C","C/C","C/C","C/C","C/C","C/C","C/C","C/C","C/C","C/C","C/C","C/C","C/C","C/C","C/C","C/C","C/C","T/T","T/T","C/C","C/C","C/C","C/C","C/C","C/C","C/C","T/T","T/T","T/T","T/T","C/C","C/C","C/C","C/C","C/C","C/C","C/C","C/C","C/C","C/C","C/C","C/C","C/C","C/C","C/C","?/?","C/C","C/C","C/C","C/C"
"41","PZA00505.8",11320,"7","162531294","","","PZA00505","AY107261","AY107261","random",9966,10926,0,0,0,"A/G","A/A","A/A","A/A","A/A","A/G","A/A","A/G","A/A","A/G","A/G","A/A","A/A","A/A","A/A","A/A","A/A","A/A","A/G","A/A","A/A","A/A","A/G","A/A","A/A","A/G","A/A","A/A","G/G","A/A","A/G","A/A","A/A","A/A","A/G","A/A","A/A","A/G","A/G","A/G","A/G","A/A","A/A","A/A","A/G","A/G","A/A","G/G","A/A","A/G","A/A","A/A","A/G","A/A","A/G","A/A","A/G","A/A","G/G","A/A","A/A","A/A","A/G","A/A","A/A","A/G","A/A","G/G","G/G","A/A","G/G","A/A","A/G","A/A","A/A","A/A","A/A","G/G","A/G","A/G","A/G","A/A","A/A","A/G","A/G","A/G","A/A","A/A","A/G","A/A","A/A","A/A","A/G","A/A","A/A","A/A","A/A","A/A","A/A","A/A","A/A","A/A","?/?","A/A","A/A","A/A","A/A","A/A","A/A","A/A","A/A","A/A","A/A","A/G","A/A","A/A","A/G","A/G","A/G","A/A","A/A","A/A","A/G","A/A","A/G","A/A","A/A","A/A","A/A","A/A","A/A","A/A","A/A","A/A","A/A","A/A","G/G","A/G","A/A","A/G","A/G","A/G","A/A","A/A","A/A","A/A","A/G","A/A","A/G","A/G","A/A","A/G","G/G","A/A","A/A","A/A","A/A","A/A","A/A","G/G","A/A","A/A","A/A","A/A","A/A","A/A","A/A","A/A","A/A","A/A","A/A","A/G","A/A","A/A","A/G","A/A","G/G","A/A","A/A","A/A","A/A","A/G","A/A","A/G","G/G","G/G","G/G","A/G","A/A","A/A","A/A","A/G","A/A","A/A","A/G","A/A","A/A","A/A","G/G","A/A","A/A","A/A","A/A","A/A","A/G","A/A","A/A","A/A","A/A","A/A","A/G","A/A","A/A","A/G","A/G","A/G","A/A","A/A","A/A","A/A","A/A","A/G","A/A","A/A","G/G","A/A","A/A","A/G","A/A","A/A","A/A","G/G","A/G","A/A","A/G","?/?","G/G","A/A","A/G","A/G","G/G","A/G","A/A","A/G","A/A","A/A","A/A","G/G","?/?","A/G","G/G","A/G","A/A","A/A","A/G","G/G","A/A","A/A","G/G","A/A","A/G","A/A","A/G","A/G","G/G","A/A","A/G","A/G","G/G","A/G","A/A","A/A","G/G","A/A","A/A","A/G","A/G","G/G","A/G","A/A","G/G","A/G","A/G","A/A","A/G","A/G","G/G","G/G","A/A","A/A","A/G","A/G","A/G","A/G","A/G","A/A","A/A","A/G","A/G","A/G","G/G","A/A","A/A","A/G","G/G","A/A","A/G","A/A","A/G","A/A","A/A","A/A","A/A","A/A","A/G","A/A","A/G","A/A","A/A","A/A","A/G","A/G","?/?","A/G","A/A","A/A","A/A","A/A","A/A","A/A","A/A","A/A","A/G","A/A","A/A","A/A","A/G","A/A","A/G","A/G","A/A","A/A","A/G","A/A","A/A","A/A","A/G","A/G","A/A","A/A","A/G","G/G","A/A","A/A","A/G","A/A","A/G","A/G","A/A","G/G","A/G","A/A","A/A","A/A","A/A","A/G","A/G","A/A","A/G","A/G","A/G","A/A","A/A","A/A","A/G","A/A","G/G","A/G","G/G","G/G","A/G","A/G","A/G","A/A","A/G","A/A","A/G","G/G","A/G","G/G","A/G","A/A","A/A","A/G","A/G","A/G","A/A","A/A","A/G","A/A","A/G","A/G","A/A","A/A","A/A","A/A","A/A","A/A","A/A","A/G","A/A","A/A","A/A","A/G","A/G","A/A","A/A","A/A","A/A","A/A","A/A","A/G","A/G","A/A","A/A","A/A","A/A","A/A","A/A","A/G","A/A","A/A","A/G","A/G","A/A","A/G","A/G","A/A","A/A","A/A","A/A","A/A","A/A","A/A","A/G","A/A","A/A","A/A","A/G","A/G","A/A","A/G","G/G","A/A","A/A","G/G","A/G","G/G","A/G","A/G","A/G","A/A","A/G","A/G","A/A","A/A","A/A","A/G","A/A","A/G","A/G","A/A","A/A","A/A","A/G","A/G","A/A","A/A","A/A","A/A","A/A","A/A","A/G","A/G","A/G","?/?","A/A","A/A","A/A","A/A","A/G","A/A","A/A","A/A","A/G","G/G","A/G","G/G","A/A","A/G","A/A","A/A","G/G","A/G","A/A","A/G","A/G","A/A","G/G","A/A","A/A","A/A","A/A","A/G","A/G","?/?","A/A","A/A","A/G","A/G","A/A","A/G","A/G","A/A","A/A","A/A","A/A","A/G","A/G","A/G","A/A","A/G","A/G","G/G","?/?","A/A","A/G","A/A","A/G","A/A","A/A","A/A","A/A","A/G","A/A","A/A","A/A","A/G","?/?","A/G","A/A","A/G","A/G","A/A","A/G","A/G","G/G","A/G","G/G","A/A","A/G","A/A","A/A","A/G","A/A","A/G","A/A","A/G","A/A","A/G","A/A","?/?","G/G","A/G","A/G","G/G","G/G","A/A","A/A","A/G","A/A","?/?","A/G","A/A","A/A","G/G","G/G","A/A","A/G","A/A","A/G","A/G","A/A","A/G","A/A","A/A","A/G","G/G","A/G","A/A","A/G","?/?","A/A","A/A","A/G","A/A","A/G","A/A","A/G","A/A","A/G","A/G","A/G","A/G","A/A","A/G","A/A","A/A","A/A","A/A","A/A","A/A","A/A","A/A","A/A","A/G","A/G","A/A","A/A","A/A","A/A","A/G","A/G","A/A","A/A","A/A","A/G","A/G","A/A","A/A","A/A","A/A","A/A","A/G","A/A","A/A","G/G","A/A","A/A","A/G","A/A","A/G","A/A","A/G","A/G","A/A","A/A","A/A","A/G","A/A","?/?","A/A","A/G","A/A","A/A","A/A","A/A","A/G","A/G","A/G","A/G","A/A","A/A","A/A","A/A","A/G","A/A","?/?","A/G","A/A","A/A","A/G","A/A","A/G","A/A","A/G","A/A","A/A","A/A","A/A","A/A","A/G","A/A","?/?","A/A","A/G","A/G","A/G","A/A","A/G","A/A","A/A","A/G","A/A","A/G","G/G","A/A","A/G","A/A","A/A","A/A","A/A","A/G","A/A","A/A","A/A","A/A","A/A","A/G","A/A","A/A","A/G","A/G","?/?","A/A","A/A","A/A","A/A","A/G","A/A","A/A","A/G","A/G","G/G","A/A","A/G","G/G","A/A","A/G","A/A","A/G","?/?","A/G","A/A","A/G","A/G","A/A","A/A","G/G","A/A","A/A","A/G","A/A","A/G","A/G","A/G","A/A","A/G","A/A","A/G","A/A","A/A","A/G","A/A","A/A","A/A","A/G","A/G","A/G","A/A","A/A","A/G","A/G","A/G","A/G","A/A","A/A","A/A","A/A","G/G","A/A","A/A","A/G","A/G","?/?","A/A","A/A","A/G","A/A","A/A","A/A","A/G","A/A","A/A","A/G","A/A","A/A","A/A","A/A","A/G","A/A","A/A","A/A","A/G","A/A","A/A","A/G","A/A","A/A","A/A","A/A","A/A","A/A","A/A","A/A","A/A","A/G","A/G","A/A","A/A","A/A","A/A","A/A","A/A","A/G","A/A","A/A","A/A","A/G","A/A","A/A","A/A","A/A","A/G","A/A","A/A","A/A","A/A","A/A","A/A","G/G","A/A","A/A","A/A","?/?","?/?","A/G","A/A","A/A","A/A","A/A","A/A","A/A","A/A","A/A","A/A","A/A","A/A","A/A","A/A","A/G","A/A","G/G","A/A","A/A","A/A","A/A","A/A","?/?","A/A","A/A","A/A","A/A","A/A","A/G","A/A","A/A","A/A","A/A","A/A","A/A","A/A","A/A","A/A","A/A","A/A","A/A","A/A","A/A","A/A","A/G","A/A","A/G","A/A","A/G","A/A","A/G","A/A","A/A","A/A","A/G","G/G","G/G","A/A","A/A","G/G","A/G","A/A","?/?","A/A","A/G","A/G","A/G","G/G","G/G","G/G","A/G","A/G","G/G","G/G","G/G","A/G","G/G","G/G","A/A","A/G","A/A","A/G","A/G","A/A","A/A","A/A","A/G","A/G","A/A","A/A","A/A","A/A","A/A","G/G","G/G","G/G","A/A","A/A","A/A","A/A","?/?","A/A","A/A","G/G","G/G","A/A","A/A","A/A","A/A","A/A","A/A","A/A","G/G","A/A","A/A","A/A","A/A","A/A","A/A","G/G","G/G","G/G","A/A","A/A","A/A","A/A","A/G","G/G","G/G"
"30","PZA00386.3",3876,"7","164941846","","","PZA00386","AY108013","AY108013","random",7800,10806,1,1,1,"T/T","T/T","T/T","T/T","T/T","T/T","T/T","T/T","T/T","C/T","T/T","T/T","T/T","T/T","C/C","C/T","?/?","T/T","T/T","T/T","T/T","T/T","T/T","T/T","T/T","T/T","C/T","T/T","T/T","C/T","C/T","C/T","T/T","T/T","T/T","T/T","T/T","T/T","T/T","T/T","T/T","T/T","T/T","T/T","T/T","T/T","T/T","T/T","C/T","T/T","T/T","T/T","T/T","T/T","T/T","T/T","T/T","T/T","T/T","T/T","T/T","T/T","T/T","C/T","T/T","T/T","T/T","T/T","T/T","T/T","?/?","T/T","T/T","T/T","T/T","C/T","T/T","T/T","T/T","T/T","T/T","T/T","T/T","?/?","T/T","T/T","T/T","T/T","C/T","T/T","T/T","T/T","T/T","C/C","T/T","C/T","C/T","T/T","C/T","T/T","T/T","C/T","T/T","T/T","C/C","T/T","?/?","C/T","T/T","T/T","T/T","T/T","C/T","T/T","C/C","T/T","T/T","T/T","T/T","T/T","T/T","T/T","T/T","T/T","T/T","T/T","T/T","T/T","T/T","T/T","T/T","T/T","T/T","T/T","T/T","T/T","T/T","T/T","T/T","T/T","T/T","T/T","T/T","?/?","T/T","T/T","T/T","T/T","T/T","?/?","T/T","T/T","?/?","?/?","T/T","T/T","T/T","T/T","T/T","?/?","T/T","T/T","T/T","T/T","C/T","T/T","T/T","C/C","T/T","T/T","T/T","T/T","T/T","T/T","T/T","T/T","T/T","T/T","T/T","T/T","T/T","C/T","C/C","T/T","T/T","T/T","T/T","T/T","T/T","C/C","T/T","T/T","T/T","T/T","T/T","T/T","T/T","?/?","T/T","T/T","T/T","T/T","T/T","T/T","T/T","T/T","T/T","T/T","T/T","C/T","T/T","T/T","T/T","T/T","T/T","T/T","T/T","C/T","T/T","T/T","T/T","T/T","T/T","T/T","T/T","T/T","T/T","T/T","C/T","?/?","T/T","T/T","T/T","T/T","T/T","T/T","?/?","T/T","T/T","T/T","T/T","T/T","T/T","T/T","T/T","T/T","T/T","T/T","T/T","T/T","T/T","T/T","T/T","T/T","?/?","T/T","?/?","T/T","T/T","?/?","T/T","T/T","T/T","C/T","T/T","T/T","T/T","T/T","T/T","T/T","T/T","?/?","T/T","T/T","T/T","T/T","T/T","C/T","T/T","T/T","T/T","T/T","T/T","T/T","T/T","T/T","?/?","T/T","T/T","T/T","C/T","C/T","T/T","T/T","C/T","C/T","?/?","C/C","C/C","?/?","C/T","T/T","T/T","C/T","C/T","T/T","C/T","?/?","?/?","?/?","T/T","T/T","C/T","T/T","T/T","T/T","T/T","T/T","T/T","T/T","C/T","T/T","T/T","T/T","T/T","T/T","T/T","T/T","T/T","T/T","T/T","T/T","T/T","T/T","T/T","T/T","T/T","T/T","T/T","T/T","C/T","T/T","C/T","T/T","T/T","T/T","T/T","T/T","T/T","T/T","T/T","C/T","C/C","T/T","C/C","T/T","T/T","T/T","T/T","T/T","?/?","T/T","T/T","T/T","T/T","T/T","T/T","T/T","T/T","T/T","T/T","T/T","T/T","T/T","T/T","T/T","T/T","T/T","T/T","T/T","?/?","?/?","T/T","T/T","T/T","T/T","C/T","T/T","C/T","T/T","T/T","T/T","T/T","T/T","T/T","T/T","T/T","T/T","T/T","T/T","T/T","C/T","T/T","T/T","T/T","T/T","T/T","T/T","T/T","T/T","T/T","T/T","T/T","C/T","T/T","T/T","T/T","T/T","T/T","T/T","T/T","T/T","T/T","T/T","T/T","T/T","T/T","T/T","T/T","T/T","T/T","?/?","T/T","T/T","T/T","T/T","?/?","T/T","T/T","T/T","T/T","T/T","T/T","T/T","T/T","T/T","T/T","T/T","T/T","T/T","T/T","T/T","T/T","T/T","T/T","T/T","T/T","T/T","T/T","T/T","T/T","T/T","T/T","T/T","T/T","T/T","?/?","T/T","T/T","C/T","T/T","T/T","T/T","T/T","T/T","T/T","T/T","T/T","T/T","T/T","T/T","T/T","T/T","T/T","T/T","T/T","T/T","T/T","T/T","T/T","T/T","T/T","T/T","T/T","T/T","T/T","T/T","?/?","T/T","T/T","C/T","T/T","T/T","T/T","T/T","T/T","T/T","T/T","T/T","T/T","T/T","T/T","C/T","T/T","T/T","T/T","T/T","T/T","?/?","C/T","T/T","T/T","T/T","T/T","T/T","T/T","C/T","T/T","T/T","T/T","T/T","T/T","T/T","T/T","T/T","T/T","T/T","?/?","T/T","T/T","T/T","T/T","T/T","T/T","C/T","T/T","T/T","T/T","T/T","T/T","T/T","T/T","C/T","C/T","T/T","T/T","T/T","C/T","C/T","T/T","C/T","C/T","T/T","C/T","T/T","T/T","T/T","T/T","T/T","T/T","T/T","T/T","T/T","T/T","T/T","T/T","T/T","T/T","T/T","T/T","T/T","T/T","T/T","T/T","C/C","T/T","T/T","T/T","T/T","T/T","T/T","T/T","T/T","T/T","?/?","T/T","T/T","T/T","T/T","T/T","T/T","T/T","T/T","T/T","T/T","T/T","T/T","T/T","T/T","T/T","T/T","T/T","T/T","T/T","?/?","T/T","T/T","?/?","T/T","T/T","T/T","?/?","T/T","T/T","T/T","T/T","T/T","T/T","T/T","T/T","C/T","T/T","T/T","T/T","C/T","C/T","T/T","C/T","T/T","T/T","T/T","T/T","T/T","T/T","T/T","?/?","T/T","T/T","T/T","T/T","T/T","T/T","T/T","T/T","T/T","T/T","T/T","T/T","T/T","T/T","T/T","T/T","T/T","T/T","T/T","T/T","T/T","T/T","T/T","T/T","T/T","T/T","T/T","T/T","T/T","T/T","T/T","T/T","T/T","T/T","T/T","T/T","T/T","T/T","T/T","T/T","T/T","T/T","?/?","T/T","?/?","T/T","T/T","T/T","C/T","T/T","T/T","T/T","T/T","T/T","T/T","T/T","T/T","T/T","T/T","T/T","T/T","T/T","C/C","T/T","T/T","T/T","T/T","T/T","T/T","T/T","T/T","C/T","T/T","T/T","T/T","T/T","T/T","T/T","T/T","T/T","T/T","T/T","T/T","T/T","T/T","T/T","T/T","T/T","T/T","C/T","T/T","T/T","T/T","T/T","T/T","?/?","T/T","T/T","T/T","T/T","T/T","T/T","T/T","T/T","T/T","T/T","T/T","T/T","T/T","T/T","T/T","?/?","T/T","T/T","T/T","T/T","T/T","T/T","?/?","C/T","T/T","T/T","T/T","C/T","?/?","T/T","C/C","C/T","C/T","T/T","T/T","T/T","T/T","T/T","T/T","T/T","T/T","T/T","T/T","T/T","T/T","T/T","T/T","T/T","T/T","T/T","T/T","T/T","T/T","T/T","C/C","T/T","T/T","?/?","T/T","T/T","T/T","T/T","T/T","T/T","T/T","T/T","T/T","T/T","T/T","T/T","T/T","T/T","T/T","T/T","T/T","T/T","T/T","T/T","T/T","T/T","T/T","T/T","T/T","T/T","T/T","T/T","T/T","T/T","?/?","T/T","T/T","T/T","T/T","T/T","T/T","T/T","C/T","T/T","T/T","T/T","T/T","T/T","T/T","T/T","T/T","T/T","T/T","T/T","T/T","T/T","T/T","T/T","T/T","T/T","T/T","T/T","T/T","T/T","T/T","T/T","T/T","T/T","T/T","T/T","T/T","T/T","T/T","T/T","T/T","T/T","T/T","T/T","T/T","T/T","T/T","T/T","T/T","T/T","T/T","T/T","T/T","T/T","T/T","T/T","T/T","T/T","T/T","T/T","T/T","C/C","T/T","T/T","T/T","C/T","T/T","T/T","T/T","T/T","C/C","C/T","C/T","T/T","T/T","T/T","C/T","T/T","T/T","T/T","T/T","T/T","T/T","T/T","T/T","T/T","T/T","C/T","T/T","T/T","T/T","T/T","T/T","T/T","T/T","T/T","T/T","T/T","T/T","T/T","T/T","T/T","T/T","T/T","T/T","T/T","T/T","C/C","C/C","T/T","T/T","T/T","T/T","T/T","T/T","T/T","C/C","C/C","C/C","T/T","T/T","T/T","T/T","T/T","T/T","T/T","T/T","T/T","T/T","C/C","C/C","C/C","T/T","T/T","T/T","?/?","C/T","?/?","C/T","T/T","T/T","T/T","T/T","T/T","T/T"
"13","PZA00178.3",3707,"7","165275756","","","PZA00178","AY109945","AY109945","random",7723,10627,1,1,1,"T/T","C/T","T/T","C/T","T/T","C/T","C/C","T/T","T/T","C/T","C/T","C/T","C/T","C/C","C/T","T/T","?/?","T/T","C/T","T/T","C/T","T/T","T/T","T/T","C/C","C/T","C/T","T/T","C/C","?/?","T/T","T/T","C/T","T/T","T/T","T/T","C/C","T/T","T/T","T/T","C/C","C/C","T/T","C/C","T/T","T/T","?/?","C/T","C/T","C/T","T/T","C/T","T/T","T/T","C/T","T/T","T/T","C/C","C/T","T/T","C/C","C/C","C/T","C/T","?/?","?/?","C/C","C/T","?/?","C/T","C/T","T/T","C/T","T/T","T/T","C/T","T/T","T/T","C/C","C/T","T/T","?/?","?/?","C/C","T/T","T/T","T/T","C/C","C/C","C/T","T/T","C/C","C/C","C/C","C/C","C/T","C/T","C/C","C/C","T/T","C/C","C/T","C/C","T/T","?/?","T/T","T/T","T/T","C/T","C/T","C/C","C/C","C/T","C/T","C/C","T/T","T/T","T/T","C/T","T/T","?/?","T/T","T/T","T/T","T/T","T/T","?/?","T/T","T/T","T/T","C/T","T/T","T/T","T/T","T/T","T/T","T/T","C/T","T/T","T/T","T/T","T/T","T/T","T/T","C/T","T/T","C/T","T/T","T/T","C/T","C/T","C/T","T/T","C/T","?/?","C/T","T/T","C/T","T/T","T/T","T/T","C/C","T/T","T/T","C/T","C/C","T/T","T/T","T/T","C/T","T/T","T/T","C/C","C/C","C/T","T/T","T/T","T/T","C/T","C/T","T/T","C/T","T/T","C/T","C/T","C/T","T/T","C/C","T/T","C/T","C/C","?/?","T/T","C/T","C/T","C/C","C/T","?/?","T/T","C/C","C/T","C/C","C/T","C/C","T/T","T/T","C/T","C/T","?/?","C/T","C/C","C/T","T/T","T/T","?/?","T/T","T/T","T/T","T/T","C/C","C/T","C/T","T/T","T/T","C/T","C/T","T/T","C/T","C/C","T/T","T/T","C/T","C/T","?/?","?/?","T/T","C/C","T/T","T/T","C/T","C/C","C/T","T/T","C/T","T/T","C/T","T/T","T/T","T/T","C/T","T/T","C/C","C/T","T/T","C/T","C/T","C/T","C/C","C/T","T/T","T/T","T/T","C/T","C/T","T/T","C/C","C/T","T/T","C/T","C/C","C/T","T/T","T/T","C/T","T/T","T/T","T/T","C/T","T/T","T/T","C/T","T/T","C/T","T/T","T/T","T/T","T/T","T/T","C/T","C/T","C/T","C/T","C/T","T/T","T/T","C/C","T/T","T/T","T/T","T/T","T/T","C/T","T/T","C/C","C/C","T/T","C/C","T/T","T/T","T/T","C/T","T/T","C/T","T/T","T/T","C/T","T/T","C/T","T/T","T/T","C/T","?/?","C/T","T/T","T/T","C/C","C/T","T/T","C/T","T/T","T/T","C/C","T/T","T/T","T/T","C/T","T/T","C/T","T/T","C/T","T/T","T/T","T/T","C/T","T/T","C/T","T/T","C/T","T/T","T/T","T/T","T/T","C/T","T/T","T/T","C/T","T/T","C/T","C/T","T/T","C/T","T/T","T/T","C/T","C/T","T/T","C/T","T/T","T/T","C/T","C/T","T/T","C/T","T/T","T/T","T/T","T/T","T/T","C/T","C/T","C/T","C/T","T/T","T/T","C/T","T/T","C/T","C/T","C/T","C/C","T/T","T/T","C/T","C/T","C/T","?/?","T/T","T/T","C/T","C/C","C/T","T/T","C/T","C/T","T/T","C/T","T/T","T/T","T/T","C/C","T/T","T/T","T/T","T/T","C/T","C/T","C/C","C/T","T/T","C/T","T/T","T/T","T/T","T/T","T/T","T/T","T/T","C/T","T/T","C/T","C/C","C/T","T/T","C/T","T/T","C/C","C/C","T/T","T/T","T/T","C/T","T/T","C/T","T/T","T/T","T/T","C/T","C/T","T/T","T/T","C/T","C/C","T/T","T/T","T/T","T/T","T/T","C/C","T/T","T/T","C/T","T/T","T/T","C/C","?/?","?/?","C/T","T/T","T/T","T/T","C/T","C/T","?/?","C/T","C/T","C/T","T/T","T/T","T/T","T/T","C/T","T/T","?/?","C/T","T/T","T/T","?/?","T/T","T/T","T/T","T/T","C/T","C/T","T/T","T/T","C/T","C/T","C/T","C/C","T/T","T/T","?/?","C/T","T/T","T/T","T/T","T/T","T/T","?/?","T/T","T/T","T/T","C/T","T/T","T/T","T/T","T/T","T/T","T/T","T/T","C/T","C/T","?/?","C/T","C/T","?/?","C/T","T/T","T/T","T/T","T/T","T/T","T/T","C/T","C/T","T/T","T/T","T/T","C/T","C/C","T/T","T/T","T/T","T/T","C/T","T/T","T/T","T/T","T/T","T/T","T/T","C/T","C/T","C/C","T/T","C/C","C/T","C/C","T/T","C/C","C/C","C/C","C/T","C/C","C/T","?/?","C/T","C/C","C/T","C/C","C/C","T/T","C/C","C/T","C/C","C/C","C/C","C/C","C/T","T/T","T/T","T/T","C/T","T/T","C/C","T/T","T/T","T/T","C/T","T/T","C/T","C/T","C/C","C/C","C/C","C/T","T/T","T/T","T/T","T/T","T/T","T/T","C/C","T/T","T/T","C/T","T/T","C/T","T/T","?/?","T/T","C/C","C/C","?/?","?/?","C/T","T/T","T/T","C/T","T/T","T/T","C/T","C/T","T/T","T/T","T/T","T/T","?/?","C/T","T/T","T/T","C/T","C/T","?/?","T/T","T/T","T/T","T/T","T/T","C/T","T/T","T/T","C/T","T/T","C/C","C/T","T/T","C/T","C/T","T/T","C/C","C/T","T/T","C/T","C/T","C/T","C/T","C/T","T/T","C/T","C/T","T/T","C/C","C/T","T/T","C/C","C/T","C/C","C/C","T/T","T/T","C/T","C/T","T/T","C/T","T/T","T/T","T/T","C/T","C/T","C/T","T/T","C/C","T/T","T/T","T/T","T/T","T/T","C/C","T/T","T/T","T/T","?/?","C/T","C/C","C/T","T/T","?/?","C/T","T/T","T/T","T/T","T/T","T/T","T/T","T/T","?/?","T/T","C/C","C/T","C/T","T/T","T/T","?/?","C/T","T/T","C/C","C/C","T/T","T/T","T/T","C/T","T/T","T/T","T/T","?/?","T/T","T/T","T/T","T/T","C/T","T/T","?/?","T/T","T/T","C/C","C/C","T/T","C/C","C/T","T/T","T/T","C/C","T/T","T/T","C/T","C/T","T/T","C/C","C/C","C/T","C/T","T/T","T/T","C/T","T/T","T/T","C/C","C/T","T/T","T/T","C/C","C/T","C/T","C/T","C/T","C/T","T/T","C/T","C/T","?/?","C/T","T/T","T/T","C/T","C/C","C/T","C/C","T/T","T/T","C/T","T/T","C/T","C/T","T/T","C/T","T/T","T/T","C/C","T/T","C/T","T/T","C/T","C/T","C/T","T/T","C/C","C/T","C/T","C/T","T/T","T/T","T/T","T/T","T/T","T/T","C/T","T/T","C/C","C/T","T/T","T/T","?/?","C/T","C/T","C/T","T/T","C/T","T/T","T/T","T/T","T/T","T/T","C/T","T/T","T/T","C/T","C/T","T/T","T/T","T/T","T/T","C/C","C/T","C/T","C/T","C/T","T/T","C/C","T/T","C/C","T/T","C/C","T/T","C/T","?/?","C/T","T/T","C/C","C/T","T/T","C/T","C/C","T/T","C/T","C/T","C/C","T/T","C/T","C/T","T/T","T/T","T/T","T/T","?/?","C/T","C/C","T/T","C/T","T/T","T/T","C/T","T/T","C/T","C/T","T/T","C/T","C/T","C/T","C/C","C/C","C/C","C/C","C/C","T/T","C/C","C/C","?/?","C/T","C/C","C/T","?/?","C/T","?/?","C/C","C/C","?/?","C/C","C/T","C/C","T/T","T/T","T/T","C/T","T/T","C/T","C/T","C/T","C/C","C/C","C/T","C/T","T/T","T/T","T/T","T/T","T/T","T/T","T/T","C/T","T/T","T/T","T/T","T/T","T/T","T/T","T/T","T/T","T/T","T/T","T/T","T/T","T/T","T/T","T/T","T/T","T/T","C/C","C/C","T/T","T/T","T/T","C/C","C/C","T/T","T/T","?/?","T/T","T/T","T/T","T/T","T/T","T/T","T/T","T/T","T/T","T/T","T/T","T/T","T/T","T/T","T/T","?/?","C/C","C/C","T/T","T/T","T/T","T/T","T/T","C/C","C/C","T/T","T/T","T/T"
"45","PZA00695.1",4138,"7","165518207","","","PZA00695","AY111797","AY111797","random",7948,11079,1,1,1,"G/G","?/?","?/?","?/?","A/G","G/G","G/G","G/G","G/G","A/G","A/A","G/G","A/G","A/A","G/G","A/G","A/G","A/G","G/G","G/G","A/G","G/G","G/G","G/G","?/?","?/?","G/G","A/G","A/A","G/G","G/G","A/G","A/G","G/G","?/?","A/G","A/A","A/A","A/A","A/G","A/A","G/G","A/G","?/?","G/G","G/G","A/A","A/A","?/?","G/G","G/G","G/G","A/G","A/A","G/G","A/G","G/G","G/G","?/?","G/G","A/G","A/G","G/G","G/G","A/A","A/A","?/?","G/G","A/G","A/A","A/A","A/A","A/G","A/G","A/G","A/G","A/G","A/A","A/A","A/G","A/A","A/A","A/A","A/G","A/A","G/G","A/A","G/G","?/?","A/G","A/G","A/G","?/?","G/G","G/G","?/?","A/G","G/G","G/G","A/G","A/G","G/G","A/A","G/G","A/G","G/G","G/G","A/G","G/G","A/G","A/A","?/?","G/G","A/G","G/G","G/G","A/G","G/G","G/G","A/A","A/G","A/A","A/G","A/G","A/G","A/G","A/A","?/?","A/A","A/G","A/A","A/A","A/A","A/A","A/G","A/G","G/G","A/G","A/G","A/G","G/G","A/A","A/G","G/G","A/G","A/G","A/G","G/G","?/?","G/G","G/G","G/G","G/G","G/G","A/G","A/A","A/G","G/G","G/G","G/G","A/G","A/G","A/G","A/A","G/G","A/G","A/G","G/G","G/G","G/G","G/G","A/G","G/G","G/G","A/A","A/G","A/G","A/G","G/G","G/G","A/A","A/G","A/G","A/A","G/G","A/G","A/A","A/A","A/A","A/G","A/A","A/A","A/G","A/G","A/A","G/G","A/G","A/A","A/A","G/G","A/A","A/G","?/?","G/G","A/A","A/G","A/A","A/G","A/A","A/G","A/G","?/?","A/A","A/A","A/A","A/G","G/G","G/G","A/A","A/G","A/G","A/A","A/A","A/G","A/A","A/A","A/A","A/A","A/A","A/A","A/A","A/A","A/A","A/A","A/A","A/A","A/A","A/G","A/A","A/A","A/A","A/A","A/A","A/A","A/A","A/A","A/G","A/G","A/A","A/G","A/G","?/?","A/A","A/G","A/A","A/G","A/A","A/A","A/A","A/G","A/A","A/G","A/A","A/A","A/A","A/A","A/A","A/G","A/A","G/G","A/A","G/G","?/?","?/?","A/A","A/A","A/G","?/?","A/G","A/A","A/A","A/A","A/A","?/?","A/G","?/?","G/G","A/G","A/A","A/G","A/G","A/A","A/A","A/G","A/G","A/G","G/G","A/G","A/G","A/G","A/G","A/A","A/G","A/G","A/A","A/G","A/G","G/G","A/G","G/G","?/?","G/G","A/A","A/A","A/G","A/G","A/G","?/?","A/A","A/A","A/G","A/A","G/G","?/?","A/G","A/G","G/G","A/G","G/G","G/G","A/A","A/G","?/?","?/?","A/G","A/G","A/A","A/G","A/A","A/G","A/G","A/A","?/?","A/G","A/A","?/?","A/A","A/A","A/A","?/?","A/A","A/A","G/G","A/A","A/A","G/G","A/A","A/A","?/?","A/A","A/G","?/?","A/A","A/G","A/A","A/A","A/G","A/G","A/A","A/A","A/G","A/A","A/A","A/A","A/A","A/A","A/A","A/A","G/G","A/A","A/G","A/G","A/A","A/G","?/?","A/G","?/?","A/A","A/A","A/A","A/A","A/A","A/A","A/A","A/G","A/G","A/A","A/A","A/G","A/G","A/A","A/A","A/G","A/G","A/A","A/A","?/?","A/G","A/A","G/G","A/A","A/A","A/G","?/?","?/?","A/A","A/A","A/G","A/A","A/A","A/G","A/G","?/?","A/A","A/A","A/G","A/A","A/A","A/G","A/A","A/G","A/G","A/G","A/A","A/G","A/A","A/A","A/A","A/A","?/?","A/G","?/?","A/G","A/G","A/A","A/A","A/G","G/G","A/G","G/G","A/A","A/A","A/A","G/G","A/A","A/A","A/A","A/A","A/G","A/G","A/A","A/A","A/A","?/?","A/A","A/G","?/?","A/G","A/G","A/G","A/G","A/G","A/G","A/A","A/G","A/G","A/A","A/A","A/G","A/A","A/G","?/?","G/G","A/A","A/A","A/A","A/A","G/G","G/G","?/?","A/A","A/G","A/A","A/G","A/G","A/A","A/A","?/?","G/G","A/G","A/G","A/A","A/G","?/?","G/G","G/G","G/G","G/G","A/G","A/G","A/A","G/G","A/G","G/G","?/?","A/A","A/G","?/?","A/A","A/G","?/?","A/A","G/G","A/A","A/G","A/G","A/A","A/A","G/G","A/A","?/?","G/G","G/G","A/G","G/G","G/G","G/G","G/G","G/G","G/G","G/G","A/G","A/G","?/?","A/G","G/G","A/G","G/G","A/A","G/G","A/A","A/G","A/G","?/?","G/G","A/A","G/G","A/G","A/A","A/A","A/A","A/A","A/A","A/A","A/A","A/G","A/G","A/A","A/G","G/G","A/G","A/G","?/?","A/A","A/G","A/G","A/A","A/A","A/G","A/G","A/G","?/?","A/A","A/A","A/A","A/G","A/A","A/G","A/A","A/G","A/A","A/G","G/G","A/A","G/G","?/?","A/A","A/A","A/G","A/G","A/G","A/A","A/A","A/A","A/G","A/A","A/A","A/A","G/G","A/G","A/A","A/A","A/G","A/A","A/A","A/A","A/A","A/G","A/G","G/G","G/G","A/G","A/A","A/A","A/G","G/G","?/?","A/A","G/G","A/A","?/?","A/A","A/A","A/A","A/A","A/A","A/A","A/A","A/G","?/?","A/G","A/A","A/G","A/G","G/G","?/?","?/?","A/G","A/G","G/G","A/A","?/?","A/G","A/G","A/G","A/A","A/G","A/A","?/?","?/?","A/G","A/A","A/A","A/A","G/G","A/A","A/G","A/A","A/A","A/A","A/A","A/G","A/G","A/A","A/G","A/G","?/?","A/G","G/G","G/G","G/G","A/A","A/G","A/G","G/G","?/?","?/?","A/A","?/?","A/G","?/?","?/?","A/A","A/A","?/?","G/G","A/A","A/G","A/G","?/?","A/A","A/G","?/?","A/A","A/G","A/A","A/A","?/?","A/A","A/G","G/G","G/G","A/G","A/G","G/G","?/?","G/G","A/G","A/A","A/G","A/G","A/G","G/G","A/G","A/G","A/G","A/A","G/G","A/G","A/G","A/G","A/A","A/A","A/A","A/A","A/A","A/A","A/A","A/A","A/G","A/A","G/G","?/?","G/G","A/A","A/G","A/A","A/G","A/A","A/G","A/G","A/G","A/A","A/A","A/A","A/G","G/G","A/A","G/G","?/?","A/G","A/A","A/A","A/G","A/A","A/A","A/A","G/G","A/G","A/A","G/G","?/?","A/A","A/G","A/A","A/A","A/G","A/A","G/G","?/?","A/A","?/?","A/A","A/A","A/G","A/G","?/?","A/G","A/G","A/G","A/G","A/A","A/A","A/G","A/A","A/A","A/G","?/?","A/G","A/G","A/A","A/A","A/A","A/G","A/A","A/A","G/G","A/G","A/A","A/A","A/A","A/A","A/A","A/A","A/A","A/G","A/A","?/?","A/A","A/A","A/A","A/G","A/A","A/A","A/A","A/A","A/G","?/?","A/A","A/G","?/?","A/A","A/G","A/A","?/?","A/A","G/G","A/G","A/G","G/G","A/A","A/A","A/A","A/A","A/G","A/A","A/A","G/G","A/A","A/G","A/G","A/A","A/A","A/A","A/A","A/A","A/G","?/?","?/?","A/A","G/G","A/A","G/G","A/G","A/A","A/A","A/G","A/G","?/?","G/G","A/G","A/A","A/A","?/?","A/G","A/A","A/G","?/?","A/A","?/?","?/?","A/G","A/G","G/G","G/G","A/G","A/G","A/A","A/G","A/G","A/A","A/A","A/A","?/?","G/G","A/A","?/?","G/G","A/G","G/G","G/G","G/G","G/G","A/G","G/G","G/G","G/G","G/G","G/G","G/G","A/A","A/A","A/A","A/A","A/A","A/A","G/G","A/G","A/A","A/G","G/G","A/G","A/A","A/A","A/A","A/A","A/G","A/G","A/A","A/G","A/A","A/A","A/A","A/A","G/G","G/G","G/G","A/A","A/A","G/G","G/G","G/G","A/A","A/A","G/G","G/G","G/G","G/G","G/G","?/?","G/G","G/G","G/G","G/G","G/G","G/G","G/G","G/G","?/?","G/G","G/G","G/G","G/G","?/?","G/G","A/A","A/A","A/A","G/G","?/?","A/A","A/A","A/A","?/?","A/A"
"78","PZB00603.5",6235,"7","165994838","Approximate: 5 prime BLAST start of amplicon plus 50 bases","","PZB00603","AZM4_2313","AZM4_2313","candidate",8270,11588,0,0,0,"A/A","A/A","A/A","A/A","A/A","A/A","A/A","A/A","A/A","A/A","A/G","A/A","A/A","A/A","A/A","A/A","A/A","A/A","A/A","A/A","A/A","A/A","A/A","A/A","A/A","A/A","A/A","A/A","A/A","A/A","A/A","A/A","A/A","A/A","A/A","A/A","A/A","A/A","A/G","A/A","A/A","A/A","A/A","A/A","A/A","A/A","A/A","A/A","A/A","A/A","A/A","A/A","A/A","A/G","A/A","A/A","A/A","A/A","A/A","A/A","A/A","A/A","A/A","A/A","A/A","A/A","A/G","A/A","A/A","A/A","A/A","A/A","A/G","A/A","A/A","A/A","A/A","A/A","A/A","A/G","A/A","A/A","A/G","A/A","A/A","A/A","A/A","A/A","?/?","A/A","A/A","A/A","A/A","A/A","A/A","A/A","A/A","A/A","A/A","A/A","A/A","A/A","A/A","A/A","A/A","A/A","A/A","A/G","A/A","A/A","A/A","A/A","A/A","A/A","A/A","A/A","A/A","A/A","A/A","A/A","A/A","A/A","A/A","A/A","A/A","A/A","A/A","A/A","A/A","A/A","A/A","A/A","A/A","A/A","A/A","A/A","A/A","A/A","A/A","A/A","A/A","A/A","A/A","A/A","A/A","A/A","A/A","A/A","A/A","A/A","A/A","A/A","A/A","A/A","A/A","A/A","A/A","A/A","A/A","A/A","A/A","A/A","A/A","A/A","A/A","A/A","A/A","A/A","A/A","A/A","A/A","A/A","A/A","A/A","A/A","A/A","A/A","A/A","A/A","A/A","A/A","A/A","A/A","A/A","A/A","A/A","A/A","A/A","A/A","A/A","A/A","A/A","A/A","A/A","A/A","A/A","A/A","A/A","A/A","A/A","A/A","A/A","A/A","A/A","A/A","A/A","A/A","A/A","A/A","A/A","A/A","A/A","A/A","A/A","A/A","A/A","A/A","A/G","A/A","A/A","A/A","A/A","A/A","A/A","A/A","A/A","A/A","A/A","A/A","A/A","A/A","A/A","A/A","A/A","A/A","A/A","A/A","A/A","A/A","A/A","A/A","A/A","A/A","A/A","A/A","A/A","A/A","A/A","A/A","A/A","A/A","A/A","A/A","A/A","A/A","A/A","A/A","A/A","A/A","A/A","A/A","A/A","A/A","A/A","A/A","A/A","A/A","A/A","A/A","A/A","A/A","A/A","A/A","A/A","A/A","A/A","A/A","A/A","A/A","A/A","A/A","A/A","A/A","A/A","A/A","A/A","A/A","A/A","A/A","A/A","A/G","A/A","A/A","A/A","A/A","A/A","A/A","A/A","A/A","A/A","A/A","A/A","A/A","A/A","A/A","A/A","A/A","A/A","A/A","A/A","A/A","A/A","A/A","A/A","A/A","A/A","A/A","A/A","A/A","A/A","A/A","A/A","A/A","A/A","A/A","A/A","A/A","A/A","A/A","A/A","A/A","A/A","A/A","A/A","A/A","A/A","A/A","A/A","A/A","A/A","?/?","A/A","A/A","A/A","A/A","A/A","A/A","A/A","A/A","A/A","A/A","A/A","A/A","A/A","A/A","A/A","A/A","A/A","A/A","A/A","A/A","?/?","A/A","A/A","A/A","A/A","A/A","A/A","A/A","A/A","A/A","A/A","A/A","A/A","A/A","A/A","A/A","A/A","A/A","A/A","A/A","A/A","A/A","A/A","A/A","A/A","A/A","A/A","A/A","A/A","A/A","A/A","A/A","A/A","A/A","A/A","A/A","A/A","A/A","A/A","A/A","A/A","A/A","A/A","A/A","A/A","A/A","A/A","A/A","A/A","A/A","A/A","A/A","A/A","A/A","A/A","A/A","A/G","A/A","A/A","A/A","A/A","A/G","A/A","A/A","A/A","A/A","A/A","A/A","A/A","A/A","A/A","A/A","A/A","A/A","A/A","A/A","A/A","A/A","A/A","A/A","A/A","A/A","A/A","A/A","A/A","A/A","A/A","A/A","A/A","A/A","A/A","A/A","A/A","A/A","A/A","?/?","A/A","A/A","A/A","A/A","A/A","A/A","A/A","A/A","A/A","?/?","A/A","A/A","A/A","A/A","A/A","A/A","A/A","A/A","A/A","A/A","A/A","A/A","A/A","A/A","A/A","A/G","A/A","A/A","A/A","A/A","A/A","A/A","A/A","A/A","A/A","A/A","A/A","A/A","A/A","A/A","A/A","A/A","A/A","A/A","A/A","A/A","A/A","A/A","A/A","A/A","A/A","A/A","A/A","A/A","A/A","A/A","A/A","A/A","A/A","A/A","A/A","A/A","A/A","A/A","A/A","A/A","A/A","A/A","A/A","A/A","A/A","A/A","A/A","A/A","A/A","A/A","A/A","A/A","A/A","A/A","A/A","A/A","A/A","A/A","A/A","A/A","A/A","A/A","A/A","A/A","A/A","A/A","A/A","A/A","A/G","A/A","A/A","A/A","A/A","A/A","A/A","A/A","A/A","A/A","A/A","A/A","A/A","A/A","A/A","A/A","A/A","A/A","A/A","A/A","A/A","A/A","A/A","A/A","A/A","A/A","A/A","A/A","A/A","A/A","A/A","A/A","A/A","A/A","A/A","A/A","A/A","A/A","A/A","A/A","A/A","A/A","A/A","A/A","A/A","A/A","A/A","A/A","A/A","A/A","A/A","A/A","A/A","A/A","A/A","A/A","A/A","A/A","A/A","A/A","A/A","A/A","A/A","A/A","A/A","A/A","A/A","A/A","A/A","A/A","A/A","A/A","A/A","A/A","A/A","A/A","A/A","A/A","A/A","A/A","A/A","A/A","A/A","A/A","A/A","A/A","A/A","A/A","A/A","A/A","A/A","A/A","A/G","A/A","?/?","A/A","A/A","A/A","A/A","A/A","A/A","A/G","A/A","A/A","A/A","A/A","A/A","A/A","A/A","A/A","A/A","A/A","A/A","A/A","A/A","A/A","A/A","A/G","A/A","A/A","A/A","A/A","A/A","A/A","A/A","A/A","A/A","A/A","A/A","A/A","A/A","A/A","A/A","A/A","A/A","A/A","A/A","A/A","A/A","A/A","A/A","A/A","A/A","A/A","A/A","A/A","A/A","A/A","A/A","A/A","A/A","A/A","A/A","A/A","A/A","A/A","A/A","A/A","A/A","A/A","A/A","A/A","A/A","A/A","A/A","A/A","A/A","A/A","A/A","A/A","A/A","A/A","A/A","A/A","A/A","A/A","A/G","?/?","A/A","A/A","A/A","A/A","A/A","A/A","A/A","A/A","A/A","A/G","A/A","A/A","A/A","A/A","A/A","A/A","G/G","A/A","A/A","A/A","A/A","A/A","G/G","G/G","A/A","A/A","A/A","A/A","A/A","A/A","A/A","A/A","A/A","A/A","A/A","A/A","A/A","A/A","A/A","A/A","A/A","A/A","A/A","A/A","A/A","A/A","A/A","A/A","A/A","A/A","A/A","A/A","A/A","A/A","A/A","A/A","A/A","A/A","A/A","A/A","A/A","A/A","A/A","A/A","A/A","A/A","A/A","A/A","A/A","A/A","A/A","A/A","A/A","A/A","A/A","A/A","A/A","A/A","A/A","A/A","A/A","A/A","A/A","A/G","A/A","A/G","A/A","A/A","A/A","A/A","A/A","A/A","A/A","A/A","A/A","A/A","A/A","A/A","A/A","A/A","A/A","A/A","A/A","A/A","A/A","A/A","A/A","A/G","A/A","A/A","A/G","A/A","A/A","A/A","A/A","A/A","A/A","A/G","A/A","A/A","A/A","A/A","A/A","A/A","A/A","A/A","A/A","A/A","A/A","A/A","A/A","A/A","A/A","A/A","A/A","A/A","A/A","A/A","A/A","A/A","A/A","A/A","A/A","A/A","A/A","A/A","A/A","A/A","A/A","A/A","A/A","A/A","A/A","A/A","A/A","A/A","A/A","A/A","A/A","A/A","A/A","A/A","A/A","A/A","?/?","A/A","A/A","A/A","A/A","A/A","A/A","A/A","A/A","A/A","A/A","A/A","A/A","A/A","A/A","A/G","A/A","A/A","A/A","A/G","A/A","A/A","A/A","A/A","A/G","A/G","G/G","A/G","A/G","A/A","A/G","A/A","A/A","A/A","A/G","A/A","A/A","A/A","A/A","A/A","A/A","A/A","A/A","A/A","A/A","A/A","G/G","G/G","G/G","A/A","A/A","G/G","G/G","A/A","A/A","A/A","A/A","A/A","?/?","?/?","?/?","A/A","A/A","A/A","A/A","A/A","A/A","A/A","A/A","A/A","A/A","A/A","A/A","A/A","A/A","A/A","A/A","A/A","A/A","A/A","A/A","A/A"
"77","PZB00603.4",6234,"7","165994893","","","PZB00603","AZM4_2313","AZM4_2313","candidate",8269,11587,0,0,0,"C/G","C/G","C/C","?/?","?/?","C/C","C/G","C/C","G/G","C/C","C/C","C/G","C/C","C/C","C/C","C/C","C/C","C/G","C/G","C/C","C/C","?/?","C/C","C/G","C/G","C/C","C/G","C/C","C/C","C/G","C/G","C/C","C/G","G/G","C/G","C/G","G/G","G/G","C/C","G/G","C/G","C/G","C/C","C/C","C/C","C/G","C/C","C/C","C/G","C/C","C/C","C/C","C/G","C/C","C/G","G/G","C/G","C/C","C/G","C/C","C/G","C/C","C/G","C/C","C/C","C/C","C/C","C/G","?/?","C/C","C/C","C/C","C/G","C/C","C/C","C/C","C/C","C/C","C/C","C/C","C/C","C/C","C/C","C/C","C/G","C/G","C/C","C/G","?/?","G/G","C/C","C/G","C/C","G/G","C/C","G/G","C/G","C/C","C/C","C/C","C/C","C/G","C/G","C/G","C/C","C/C","C/G","C/C","C/G","C/G","C/C","C/G","C/G","C/G","G/G","C/G","C/C","C/C","C/G","C/C","C/G","C/C","C/C","C/G","C/G","C/C","C/C","C/G","C/G","C/C","C/C","C/C","C/C","C/C","C/C","C/C","C/C","C/C","C/C","C/C","C/C","G/G","C/G","C/C","C/C","C/G","C/G","C/C","C/G","C/C","C/C","C/C","C/C","C/C","C/C","C/C","C/G","C/C","C/C","C/C","C/C","C/G","C/G","C/C","C/C","C/C","C/G","C/G","C/C","C/C","C/C","C/G","C/C","C/C","C/C","C/G","G/G","C/C","C/C","C/C","C/C","C/G","C/C","C/C","C/C","C/C","C/C","C/C","G/G","G/G","C/C","C/C","G/G","C/G","C/G","G/G","C/G","C/G","C/C","G/G","C/G","C/G","G/G","C/C","C/G","C/G","C/C","G/G","C/G","G/G","C/C","C/G","C/C","C/C","C/G","C/C","G/G","C/G","C/C","C/C","C/C","C/C","G/G","C/C","C/G","C/C","C/C","C/G","C/G","C/C","C/C","G/G","C/C","C/C","C/C","C/C","C/G","C/C","C/G","C/C","?/?","C/G","C/C","C/G","C/C","C/C","C/C","C/G","C/G","C/C","C/C","?/?","C/C","C/C","C/C","C/C","C/G","C/C","C/C","C/C","C/C","C/C","C/C","C/C","C/C","C/C","C/C","C/C","C/C","C/C","C/C","C/C","C/C","C/G","C/C","C/C","C/C","C/G","C/G","C/C","C/C","C/C","C/C","C/C","C/C","C/C","G/G","C/C","C/C","C/C","C/C","C/C","C/C","C/C","C/C","C/G","C/C","C/C","C/C","C/C","C/C","C/G","C/C","C/C","C/C","C/C","C/C","C/C","C/C","C/C","C/G","G/G","C/C","G/G","C/C","C/C","C/G","C/G","G/G","C/G","C/C","C/C","C/G","C/G","C/G","C/C","C/C","C/G","C/C","C/C","C/G","C/C","C/C","C/C","C/C","C/C","C/C","C/C","C/C","C/G","C/C","C/C","C/C","C/C","C/C","C/C","C/C","C/C","C/C","C/C","C/C","C/C","C/C","C/C","C/C","C/C","C/C","C/G","C/C","C/C","C/G","?/?","C/C","C/C","C/G","C/C","C/C","C/C","C/C","C/C","C/C","C/C","C/C","C/C","C/C","C/G","C/C","C/G","C/G","C/G","C/C","C/G","C/C","C/G","C/C","C/C","C/C","C/C","C/C","C/G","C/C","C/C","C/C","C/C","C/G","C/C","C/C","C/C","C/C","C/C","C/C","C/C","C/G","C/C","C/C","G/G","C/C","C/C","C/C","C/C","C/G","C/C","C/C","C/C","C/G","C/G","C/C","C/C","C/C","C/G","C/C","C/C","C/C","C/C","C/G","C/C","C/G","C/C","C/C","C/C","C/G","C/C","C/C","C/C","C/C","C/C","C/C","C/G","G/G","C/G","C/C","G/G","C/G","C/G","C/C","C/C","C/C","G/G","C/G","G/G","C/C","C/C","C/G","C/C","C/G","C/G","G/G","C/C","C/G","C/C","C/C","C/C","C/C","C/C","C/C","C/G","C/C","C/G","C/G","C/C","C/C","C/C","C/C","C/C","C/C","C/G","G/G","C/C","C/C","C/C","C/C","C/C","C/G","C/C","C/C","C/C","C/C","C/C","C/C","C/C","C/C","?/?","C/G","C/C","C/C","C/G","C/C","C/C","C/C","C/C","C/C","C/C","C/C","C/C","C/C","C/C","C/C","C/C","C/C","C/C","C/C","C/C","C/C","C/C","C/C","C/C","?/?","C/G","G/G","C/C","C/C","C/C","C/C","C/C","C/C","C/C","C/C","C/G","?/?","C/C","C/G","C/C","C/C","C/C","C/C","C/C","C/C","C/C","C/C","C/C","C/C","C/C","C/C","?/?","C/G","C/C","C/C","C/C","C/C","C/C","C/C","C/C","C/C","C/C","C/C","C/C","C/C","C/C","C/C","C/C","C/C","C/C","C/C","C/C","C/C","C/C","C/C","C/G","C/C","C/C","C/C","C/C","C/C","C/C","C/C","C/C","C/C","C/C","C/C","C/C","C/G","C/C","C/G","C/C","?/?","C/C","C/G","C/C","C/G","C/C","C/C","C/C","C/C","C/G","C/C","C/C","C/G","C/C","C/C","C/C","C/G","C/C","G/G","C/C","C/C","C/G","C/G","C/G","C/C","C/C","C/G","C/G","C/C","C/C","C/C","C/C","C/C","C/G","C/G","G/G","C/C","?/?","C/C","C/G","C/G","C/G","C/G","C/C","C/G","C/C","C/C","C/C","C/C","C/C","C/C","C/C","C/C","C/C","C/C","C/G","C/C","C/C","C/C","C/C","C/C","C/C","C/C","C/C","C/G","C/C","C/C","C/C","C/G","C/C","?/?","G/G","C/G","C/G","C/C","C/C","C/G","?/?","C/C","C/C","C/C","C/G","C/C","C/C","C/C","C/C","C/C","C/C","C/C","C/G","C/G","C/C","C/C","C/G","C/G","C/G","C/C","G/G","C/C","C/G","C/G","G/G","C/G","C/G","C/C","?/?","G/G","C/C","C/C","C/G","C/G","C/C","C/G","C/G","C/C","C/G","G/G","C/G","C/G","C/G","C/C","G/G","C/C","C/C","G/G","C/C","C/C","C/C","C/C","C/G","C/C","C/C","C/C","C/G","C/G","C/G","C/C","C/G","C/C","C/C","C/C","C/G","C/G","C/G","C/C","C/C","C/G","C/C","C/C","C/C","C/C","G/G","G/G","C/C","C/C","C/G","C/C","C/C","C/C","C/C","C/C","C/G","C/C","C/G","C/G","C/C","C/C","C/G","C/C","C/C","C/C","C/G","C/G","C/C","C/C","C/C","C/G","C/C","C/G","C/G","C/C","C/C","C/C","C/G","C/G","C/C","C/C","C/C","C/C","C/C","C/C","C/C","C/C","C/C","C/C","C/C","C/G","C/C","C/G","C/C","C/C","?/?","C/C","C/C","C/C","C/C","C/C","C/C","C/C","G/G","C/C","C/C","C/C","C/G","C/G","C/C","C/G","C/C","C/G","?/?","C/C","G/G","C/G","C/G","G/G","C/C","C/C","C/C","C/C","C/C","C/C","C/G","C/C","C/C","C/G","C/C","C/G","C/C","C/C","C/C","C/G","C/C","C/C","C/C","C/C","C/G","C/C","C/C","C/G","C/G","C/C","C/G","C/G","?/?","C/C","C/C","C/G","C/C","C/C","C/C","C/C","C/G","C/C","C/C","C/C","C/C","C/C","C/C","C/C","C/C","C/C","C/C","C/C","G/G","C/G","C/C","C/G","C/G","G/G","C/C","C/G","C/C","C/C","C/C","C/G","C/C","?/?","C/G","C/C","G/G","C/G","C/G","C/G","C/G","C/G","C/C","C/C","C/C","C/G","C/G","G/G","C/G","G/G","C/G","C/C","C/G","C/G","C/C","C/G","C/G","G/G","C/C","C/G","C/G","C/G","C/C","C/C","C/C","C/C","C/C","C/C","C/C","C/C","C/C","C/C","C/C","C/C","C/C","C/C","C/C","C/C","C/C","C/C","C/C","?/?","C/C","C/C","C/C","C/C","C/C","C/C","C/C","C/C","C/C","C/C","C/C","C/C","C/C","C/C","C/C","G/G","G/G","G/G","C/C","C/C","C/C","C/C","C/C","C/C","C/C","C/C","C/C","C/C","C/C","C/C","G/G","G/G","C/C","C/C","C/C","C/C","G/G","G/G","G/G","C/C","C/C","C/C","C/C","C/C","C/C","C/C","C/C","C/C","C/C","C/C","C/C","C/C","C/C","C/C","?/?","C/C"
"76","PZB00603.3",6233,"7","165994896","","","PZB00603","AZM4_2313","AZM4_2313","candidate",8268,11586,1,1,1,"G/G","C/G","G/G","C/G","C/C","C/C","?/?","G/G","?/?","C/C","C/G","C/G","C/C","C/G","C/C","C/C","C/G","?/?","?/?","C/C","C/C","C/C","C/C","C/G","C/G","C/C","C/G","C/C","C/C","C/G","C/G","C/C","C/G","G/G","G/G","G/G","G/G","G/G","G/G","?/?","C/G","?/?","G/G","C/G","C/G","C/G","C/G","?/?","G/G","C/C","C/C","C/G","G/G","C/G","G/G","G/G","G/G","C/G","G/G","C/G","G/G","G/G","C/G","G/G","C/G","C/G","G/G","?/?","G/G","?/?","C/C","G/G","G/G","C/G","C/C","G/G","C/G","G/G","C/G","G/G","C/C","C/C","C/G","C/G","G/G","C/G","C/C","?/?","?/?","G/G","C/C","C/G","?/?","G/G","C/C","G/G","C/G","C/C","?/?","C/C","C/C","C/G","C/G","C/G","C/C","C/C","G/G","C/C","C/G","C/G","C/C","C/G","C/G","C/G","G/G","?/?","?/?","C/G","?/?","C/C","C/G","G/G","C/G","?/?","G/G","?/?","G/G","G/G","G/G","C/G","C/G","G/G","C/G","G/G","C/G","C/G","C/C","C/G","C/C","C/G","C/C","?/?","C/G","C/C","C/G","G/G","G/G","C/C","C/G","G/G","C/G","G/G","C/C","?/?","C/C","C/C","C/G","C/G","G/G","G/G","C/C","G/G","C/G","C/C","G/G","?/?","G/G","?/?","G/G","C/G","C/G","C/G","G/G","C/G","C/G","C/G","G/G","C/G","G/G","C/G","G/G","G/G","G/G","C/C","G/G","C/G","G/G","G/G","G/G","G/G","C/G","G/G","G/G","G/G","C/G","G/G","C/G","C/G","C/C","?/?","C/G","?/?","G/G","G/G","?/?","?/?","C/C","G/G","C/G","G/G","C/C","C/G","G/G","G/G","C/G","C/G","G/G","C/G","C/G","C/G","C/C","C/C","G/G","G/G","G/G","G/G","?/?","G/G","C/G","C/G","?/?","G/G","C/G","C/C","C/G","C/G","?/?","?/?","?/?","G/G","G/G","G/G","G/G","G/G","G/G","C/G","G/G","G/G","?/?","C/G","G/G","?/?","G/G","G/G","?/?","C/G","C/G","C/G","G/G","C/G","G/G","C/G","C/G","G/G","G/G","G/G","G/G","G/G","G/G","C/C","C/C","C/G","G/G","C/G","C/G","C/G","C/G","?/?","C/G","?/?","G/G","C/G","G/G","C/G","C/C","G/G","G/G","G/G","C/G","C/C","C/G","C/G","G/G","C/G","G/G","C/G","?/?","C/G","G/G","?/?","C/G","C/G","C/G","C/C","C/G","C/G","C/G","C/C","G/G","C/C","C/G","G/G","?/?","G/G","G/G","C/G","?/?","?/?","G/G","C/G","?/?","C/G","G/G","C/G","C/G","C/G","C/C","G/G","G/G","C/G","G/G","C/C","G/G","G/G","C/G","C/C","G/G","?/?","?/?","?/?","?/?","G/G","G/G","?/?","G/G","C/G","C/C","C/G","C/G","C/C","G/G","G/G","C/G","C/C","C/G","C/G","C/G","G/G","G/G","C/G","G/G","?/?","G/G","C/G","G/G","G/G","?/?","?/?","G/G","G/G","G/G","G/G","G/G","C/G","C/G","G/G","C/C","G/G","G/G","G/G","C/G","G/G","G/G","G/G","G/G","C/G","?/?","G/G","G/G","C/G","C/G","G/G","C/G","G/G","C/C","G/G","C/C","G/G","G/G","C/G","G/G","G/G","G/G","C/C","?/?","?/?","C/G","C/G","C/G","C/C","C/G","?/?","C/G","?/?","G/G","G/G","C/G","C/G","G/G","C/G","C/G","G/G","C/G","C/G","G/G","C/G","C/G","C/C","C/G","C/C","G/G","C/G","G/G","?/?","G/G","?/?","C/C","C/G","G/G","G/G","G/G","?/?","C/G","?/?","C/C","C/G","C/G","G/G","G/G","G/G","C/C","G/G","C/G","C/G","G/G","C/G","G/G","C/C","C/G","C/G","?/?","C/C","C/G","C/C","?/?","C/G","C/G","C/G","C/G","G/G","C/G","C/G","C/G","C/C","C/C","G/G","G/G","C/C","C/C","C/G","C/G","C/C","C/G","C/C","C/C","?/?","G/G","C/G","?/?","C/C","?/?","G/G","C/G","G/G","?/?","C/G","?/?","?/?","C/G","C/G","C/G","C/G","C/C","C/G","C/C","C/C","G/G","C/C","?/?","C/C","G/G","G/G","C/C","C/G","C/G","C/G","G/G","G/G","?/?","C/G","C/C","C/G","C/G","C/G","C/G","C/G","G/G","C/G","C/G","C/G","C/G","?/?","G/G","?/?","?/?","C/C","C/G","?/?","?/?","G/G","G/G","C/G","C/G","G/G","C/G","C/C","C/G","G/G","G/G","C/C","C/G","G/G","G/G","G/G","C/G","G/G","G/G","G/G","C/G","G/G","G/G","?/?","?/?","G/G","G/G","C/G","G/G","G/G","C/G","G/G","G/G","C/G","G/G","G/G","G/G","G/G","G/G","G/G","C/C","C/G","?/?","C/C","?/?","G/G","?/?","C/G","G/G","C/G","G/G","G/G","C/G","C/G","G/G","?/?","?/?","?/?","?/?","?/?","G/G","G/G","?/?","C/G","G/G","C/C","G/G","G/G","G/G","G/G","G/G","C/G","C/G","G/G","C/G","G/G","C/G","C/G","G/G","?/?","?/?","G/G","?/?","G/G","G/G","G/G","G/G","G/G","?/?","C/G","?/?","?/?","G/G","C/G","G/G","G/G","C/C","C/C","C/G","G/G","C/G","G/G","G/G","?/?","C/G","C/C","C/C","?/?","G/G","G/G","C/G","G/G","C/C","C/G","G/G","G/G","?/?","G/G","G/G","C/G","?/?","G/G","C/G","C/G","C/G","C/G","C/G","G/G","C/G","C/G","G/G","C/G","C/G","C/G","C/G","G/G","G/G","C/G","?/?","C/G","C/G","C/G","C/C","G/G","?/?","C/G","G/G","G/G","G/G","G/G","G/G","C/C","G/G","G/G","G/G","G/G","C/G","C/G","G/G","C/G","G/G","C/G","G/G","C/G","G/G","C/G","C/G","G/G","?/?","C/G","G/G","G/G","C/C","?/?","?/?","C/G","C/C","C/G","C/G","G/G","?/?","?/?","G/G","C/G","C/G","C/G","C/G","C/G","G/G","?/?","C/G","G/G","G/G","G/G","C/G","G/G","G/G","G/G","G/G","C/C","C/C","?/?","G/G","?/?","C/G","C/G","G/G","C/G","G/G","C/G","C/G","G/G","G/G","C/G","C/C","C/G","G/G","C/G","?/?","C/G","G/G","C/G","C/G","?/?","G/G","C/G","C/G","C/G","G/G","C/G","G/G","?/?","?/?","C/G","G/G","C/C","?/?","C/C","G/G","C/G","C/C","C/G","C/G","C/C","C/G","C/G","C/C","C/G","G/G","C/G","C/C","C/G","C/C","C/C","G/G","C/C","G/G","G/G","C/C","G/G","G/G","?/?","G/G","?/?","G/G","?/?","G/G","G/G","G/G","G/G","G/G","G/G","?/?","C/C","G/G","C/G","C/G","G/G","C/C","C/C","C/G","C/C","C/G","C/C","C/G","C/G","C/G","C/C","?/?","C/G","C/G","C/G","?/?","G/G","?/?","?/?","C/C","G/G","G/G","G/G","C/G","C/G","G/G","G/G","C/G","G/G","C/C","G/G","G/G","G/G","C/G","G/G","G/G","C/G","C/G","C/G","?/?","C/G","C/C","?/?","?/?","C/G","C/G","?/?","G/G","G/G","G/G","C/G","C/G","C/C","C/G","G/G","C/G","G/G","C/G","G/G","?/?","?/?","G/G","G/G","C/G","C/G","C/G","?/?","C/G","C/G","G/G","C/G","G/G","C/G","G/G","C/G","C/G","C/C","C/G","G/G","G/G","C/G","G/G","G/G","G/G","G/G","G/G","C/G","G/G","G/G","C/G","G/G","G/G","G/G","C/G","G/G","C/G","G/G","C/G","G/G","G/G","G/G","G/G","C/G","C/C","C/C","C/G","C/C","C/C","G/G","C/G","C/C","G/G","C/G","G/G","G/G","G/G","C/G","C/G","C/G","?/?","G/G","?/?","C/C","C/C","C/C","C/C","C/C","C/C","C/C","C/C","C/C","G/G","G/G","G/G","G/G","G/G","C/C","C/C","C/C","C/C","G/G","G/G","G/G","C/C","G/G","G/G","G/G","C/C","C/C","C/C","G/G","G/G","G/G","C/G","G/G","G/G","G/G","C/C","C/C","C/C"
"57","PZA03295.4",6624,"7","167014816","","","PZA03295","MIR164d","MIR164d","candidate",8111,11351,1,1,1,"C/C","C/C","C/C","C/C","C/C","C/C","C/C","C/C","C/C","C/C","C/C","C/C","C/C","C/C","C/C","C/C","C/C","C/C","C/C","C/C","C/C","C/C","C/C","C/C","C/C","C/C","C/C","C/C","C/C","C/C","C/C","C/C","C/C","C/C","C/C","C/C","C/C","C/C","C/C","C/C","C/C","C/C","C/C","C/C","?/?","C/C","C/C","C/C","C/C","T/T","C/C","C/C","C/T","C/C","C/C","C/C","C/C","C/T","C/C","C/C","C/C","C/C","C/C","C/C","C/C","C/C","C/C","C/C","C/C","C/C","C/C","C/C","C/C","C/C","C/C","C/C","?/?","C/C","C/C","C/C","C/C","C/C","C/C","C/C","C/C","C/C","C/C","C/C","?/?","C/C","C/C","C/C","C/C","C/C","C/C","C/C","C/C","C/C","C/C","C/C","C/C","C/C","C/C","C/C","C/C","?/?","C/C","C/C","C/C","C/C","C/C","C/C","C/C","C/C","C/C","C/C","C/C","C/C","C/C","C/C","C/C","C/C","C/C","C/C","C/C","C/C","C/C","C/C","C/C","C/C","C/C","C/C","C/C","C/C","C/C","C/C","C/C","?/?","C/C","C/C","C/C","C/C","C/C","C/C","C/C","C/C","C/C","C/C","C/C","C/C","C/C","C/C","C/C","C/C","C/C","C/C","C/C","C/C","C/C","C/C","C/C","C/C","C/C","C/C","C/C","C/C","C/C","C/C","C/C","C/C","C/T","C/C","C/C","C/C","C/C","C/C","C/C","C/C","C/C","C/C","C/T","C/C","C/C","C/C","C/C","C/C","C/C","C/C","C/T","C/C","C/C","?/?","C/C","C/C","C/C","C/C","C/C","C/C","C/C","C/C","?/?","C/C","C/C","C/C","C/C","C/C","C/C","C/C","C/C","C/C","C/C","C/C","C/C","C/C","C/C","C/C","C/C","C/C","C/C","C/C","C/C","C/T","C/C","C/C","C/C","C/C","C/C","C/C","C/C","C/C","C/C","C/C","C/C","C/C","C/C","C/T","C/C","C/T","C/C","C/C","C/C","C/C","C/C","C/C","C/C","C/C","C/C","C/C","C/C","C/C","C/C","?/?","C/C","C/C","C/C","C/C","C/C","C/C","C/C","C/C","C/C","C/C","T/T","T/T","C/C","C/C","C/T","C/C","C/C","C/C","C/C","C/C","C/C","?/?","C/C","C/C","C/C","C/C","C/C","C/C","C/C","C/C","C/C","C/C","C/C","C/C","C/C","C/C","C/C","C/C","C/C","C/C","C/C","C/C","C/C","C/C","C/C","C/C","C/C","C/C","C/C","C/C","C/C","C/C","C/C","C/C","C/C","C/C","C/C","C/C","C/C","C/C","C/C","C/C","C/C","C/C","T/T","T/T","C/C","C/C","C/T","C/C","C/C","C/C","C/C","C/C","C/C","C/C","C/C","C/C","C/C","C/C","C/C","C/C","C/C","T/T","C/C","C/C","C/C","C/T","C/T","T/T","C/C","C/C","T/T","C/C","C/C","C/T","C/T","C/T","C/C","C/C","C/C","C/C","C/C","C/C","C/C","C/C","C/C","C/C","C/C","?/?","C/T","C/T","C/C","C/T","C/C","C/C","C/T","C/C","C/C","C/T","C/C","?/?","C/C","C/C","C/C","C/C","C/C","C/C","C/C","C/C","T/T","C/C","C/C","C/C","C/C","C/C","T/T","C/C","?/?","T/T","C/C","C/C","C/C","T/T","C/C","C/C","C/C","T/T","C/C","C/C","?/?","C/C","C/T","C/C","C/C","C/C","C/C","C/C","C/C","C/C","C/C","C/C","C/C","C/C","C/C","C/C","C/C","C/C","C/T","C/C","C/C","C/C","C/C","C/C","C/C","C/C","C/C","C/C","C/C","C/C","C/C","C/C","C/C","C/C","C/C","C/C","C/C","C/C","C/C","C/C","C/C","C/C","C/C","C/C","C/C","C/C","C/C","C/C","C/C","C/C","C/C","C/C","C/C","C/C","?/?","C/C","C/C","C/C","C/C","?/?","C/C","C/C","C/C","C/C","?/?","C/C","C/C","C/C","?/?","C/C","C/C","C/C","C/C","C/C","C/C","C/C","C/C","C/C","C/C","C/C","C/C","C/C","C/C","C/C","C/C","C/C","C/C","C/C","C/C","C/C","C/C","C/C","C/C","C/C","C/C","C/C","C/C","C/C","C/C","C/T","C/C","C/C","C/C","C/C","C/C","C/C","C/C","C/C","C/C","C/C","C/C","C/C","C/C","C/C","C/C","C/C","C/C","C/C","C/C","C/C","C/C","C/T","C/C","C/C","C/C","C/C","C/C","C/C","C/C","C/C","C/C","C/C","C/C","C/C","C/C","C/C","C/C","C/C","C/C","C/C","C/T","C/C","C/C","C/C","C/C","C/C","C/C","C/C","C/C","C/C","?/?","C/C","?/?","C/C","C/C","C/C","C/C","C/C","C/C","C/C","C/C","C/C","C/C","C/C","C/C","C/C","C/C","C/C","C/C","C/C","T/T","C/C","C/C","C/C","C/C","?/?","C/C","C/C","C/C","C/C","?/?","?/?","C/C","C/C","C/C","C/C","C/C","C/C","C/C","C/C","C/C","C/T","C/T","C/C","C/C","T/T","C/C","C/C","C/C","C/C","C/C","C/C","C/C","C/C","C/T","C/C","C/C","C/C","C/C","C/T","C/C","C/C","C/C","C/C","C/C","C/C","C/C","C/C","C/C","C/C","C/C","C/C","C/C","C/C","C/C","C/C","C/C","C/C","T/T","C/C","C/C","C/C","C/C","C/C","C/C","C/C","C/T","?/?","C/C","C/C","C/C","C/C","C/C","C/C","C/C","C/C","C/C","C/C","C/C","C/C","C/C","C/C","C/C","C/C","C/T","C/C","C/C","C/C","C/C","C/C","?/?","C/C","C/C","C/C","C/C","C/C","C/C","C/C","C/C","C/C","C/C","C/C","C/C","C/C","C/C","C/C","C/C","C/C","C/C","C/C","C/C","C/C","?/?","C/C","C/C","C/C","C/C","C/C","C/C","C/C","C/C","C/C","?/?","C/C","C/C","C/C","C/C","C/C","C/C","C/C","C/C","C/C","C/C","C/C","C/C","C/C","C/C","C/C","C/C","C/C","C/C","C/C","C/C","?/?","C/C","C/C","C/C","C/C","C/C","C/C","C/C","C/C","C/C","C/C","?/?","C/C","?/?","C/C","C/C","C/C","?/?","C/C","C/C","C/C","C/C","C/C","C/C","C/C","?/?","C/C","C/C","C/C","C/C","C/C","C/C","?/?","C/C","C/C","C/C","C/C","C/C","?/?","C/C","?/?","C/C","C/C","C/C","C/C","C/C","C/C","C/C","?/?","C/C","C/C","C/C","C/C","C/C","C/C","C/C","C/C","C/C","C/C","C/C","C/C","C/C","C/T","C/C","C/C","C/C","C/C","C/C","C/C","C/C","C/C","C/C","C/C","C/C","C/C","C/C","C/C","C/C","C/C","C/C","?/?","C/C","C/C","C/C","C/C","C/C","C/C","C/C","C/C","C/C","C/C","C/C","C/C","C/C","C/C","C/C","C/T","C/T","C/C","C/T","C/C","C/C","C/C","C/C","C/C","C/C","C/C","C/C","C/C","C/T","C/C","C/C","C/T","C/C","C/C","C/C","C/T","C/C","C/C","C/C","C/C","C/C","C/C","C/C","C/C","C/C","C/C","C/C","C/C","C/C","C/C","C/C","C/C","C/C","C/C","C/C","C/C","C/C","C/C","C/C","C/C","C/C","?/?","C/C","C/C","C/C","C/C","C/C","C/C","C/C","C/C","C/C","C/C","C/C","C/C","C/C","C/C","C/C","C/C","C/C","C/C","C/C","C/C","C/C","C/T","C/C","C/C","C/C","C/C","C/C","C/T","C/C","C/C","C/C","C/T","C/C","C/C","C/C","?/?","C/C","C/C","C/C","?/?","C/C","C/C","C/C","C/C","C/C","C/C","C/C","C/C","C/C","C/C","C/C","C/C","C/C","C/C","C/C","C/C","C/C","C/C","?/?","C/C","C/C","C/C","C/C","C/C","C/C","C/C","C/C","C/C","?/?","C/C","C/C","C/C","C/C","C/C","C/C","C/C","C/C","C/C","C/C","T/T","T/T","C/C","C/C","C/C","C/C","C/C","T/T","T/T","C/C","C/C","C/C","C/C","C/C","C/C","C/C","C/C","C/C","C/C","?/?","C/C","C/C","C/C","C/C","C/C","C/C","C/C","C/C","C/C","C/C","C/C","C/C","C/C","C/C","C/C","C/T","T/T","T/T"
"33","PZA00423.16",3907,"7","167060647","","","PZA00423","AY107804","AY107804","random",7820,10840,1,1,1,"C/C","?/?","C/C","C/T","C/C","C/T","C/C","C/C","?/?","C/T","T/T","C/C","C/C","T/T","C/C","C/C","C/C","C/C","C/C","C/C","C/C","C/C","C/C","C/T","C/T","C/C","C/T","C/C","C/C","C/C","C/T","C/T","C/C","C/C","C/T","C/C","C/C","C/T","T/T","C/C","C/C","C/C","C/T","C/T","C/C","C/T","C/C","C/C","C/C","C/C","C/C","C/C","C/C","?/?","C/C","C/T","C/C","C/C","C/C","T/T","C/C","C/C","C/C","C/C","C/C","T/T","C/C","C/C","C/C","C/C","C/C","C/C","C/C","C/T","C/C","C/T","C/C","C/C","C/C","C/C","C/C","C/C","C/C","C/C","C/C","C/C","C/C","C/T","C/C","C/C","C/C","C/C","C/C","C/C","C/T","C/T","C/C","C/T","C/T","C/C","C/C","C/T","C/T","C/T","C/C","C/C","C/C","C/C","C/T","C/C","C/C","C/C","C/T","C/T","C/C","C/T","C/C","C/T","C/T","C/C","C/C","C/C","C/C","C/C","C/C","C/T","C/T","C/C","C/T","C/C","C/T","C/C","C/C","C/C","C/C","C/T","C/C","C/T","T/T","C/C","C/C","C/C","C/C","C/C","C/C","C/T","C/T","C/C","C/T","C/C","C/C","C/C","C/C","C/C","C/C","C/T","C/C","C/C","C/C","C/T","C/C","C/T","C/C","C/C","C/C","C/C","C/C","C/C","C/T","C/T","C/C","C/C","C/C","C/C","C/C","C/C","C/C","C/C","C/C","C/C","C/C","C/C","C/T","C/C","C/C","C/C","C/C","C/C","C/C","C/C","C/C","C/C","C/C","C/C","C/C","C/C","C/C","C/C","C/C","C/C","C/T","C/C","C/C","C/T","C/T","C/T","C/C","C/C","C/C","C/C","C/T","C/C","C/C","C/T","C/C","C/T","C/C","C/T","C/C","C/C","C/C","C/C","C/C","C/C","C/C","C/C","C/C","C/C","C/C","C/C","C/C","C/C","C/C","C/T","C/C","C/C","C/C","C/C","C/C","C/C","C/C","C/C","C/C","C/C","C/T","C/C","C/C","C/C","C/C","C/C","C/C","C/C","C/C","C/C","C/C","C/C","C/C","C/C","C/C","C/C","C/C","C/C","C/C","C/C","C/C","C/C","C/C","C/C","C/C","C/C","C/C","C/C","C/C","C/C","C/C","C/C","C/C","C/C","C/C","C/C","C/C","C/C","C/C","C/C","C/C","C/C","C/C","C/C","C/C","C/C","C/C","C/C","C/C","C/C","C/C","C/C","C/C","C/C","C/C","C/C","C/C","C/C","C/C","C/T","C/C","C/C","C/C","C/C","C/T","C/C","C/C","C/C","C/C","C/C","C/C","C/C","C/T","C/C","C/C","C/C","C/T","C/C","C/C","C/C","C/C","C/C","C/T","C/C","C/C","C/C","C/C","C/C","C/T","C/C","C/C","C/C","C/C","C/C","C/T","C/C","C/C","C/C","C/C","C/C","C/C","C/C","C/C","C/C","C/C","C/C","C/C","C/C","C/C","C/C","T/T","C/C","C/C","C/C","C/C","C/C","C/C","C/C","C/C","C/C","C/C","C/C","C/T","C/T","C/C","C/C","C/C","C/C","C/C","C/T","C/C","C/T","C/C","C/C","C/C","C/C","C/C","C/C","C/T","C/C","C/C","C/T","C/C","C/C","C/C","C/C","C/C","C/C","C/C","C/C","C/C","C/C","C/C","C/C","C/C","C/C","C/C","C/C","C/C","C/C","C/C","C/T","C/C","C/C","C/C","C/C","C/C","C/C","C/C","C/C","C/C","C/C","C/T","T/T","C/C","C/T","C/C","C/C","C/C","C/C","T/T","C/C","C/C","C/C","C/T","C/C","C/C","C/C","C/T","C/C","C/C","C/C","C/C","C/C","C/T","C/C","C/C","C/C","C/C","C/T","C/T","C/C","C/C","C/C","C/T","C/C","C/C","C/C","C/C","C/T","C/T","C/C","C/C","C/C","C/C","C/C","C/C","C/C","C/T","C/C","C/C","C/C","C/C","C/C","C/C","C/C","C/C","C/C","C/C","C/T","C/C","C/C","C/C","C/C","C/C","C/C","C/C","C/C","C/C","C/C","C/C","C/T","C/T","C/C","T/T","C/C","C/C","C/C","C/C","C/C","C/C","C/T","C/C","C/C","C/C","C/C","C/C","C/C","C/C","C/C","C/C","?/?","C/C","C/C","C/T","C/C","C/T","C/T","C/C","C/T","C/T","C/C","C/C","?/?","C/C","C/C","C/C","C/C","C/C","C/C","C/T","C/T","C/C","C/C","C/C","C/C","C/C","C/C","C/C","C/C","C/C","C/C","C/C","C/C","C/C","C/C","C/C","C/C","C/C","C/C","C/C","C/C","C/C","C/C","C/C","C/C","C/C","C/C","C/C","C/C","C/C","C/C","C/C","C/C","C/C","C/C","C/C","C/C","C/C","C/C","C/C","C/C","C/C","C/C","C/C","C/C","C/C","C/C","C/C","C/C","C/C","C/C","C/C","C/C","C/C","C/C","?/?","C/C","C/C","C/T","C/C","C/C","C/C","C/C","C/C","C/C","C/C","C/C","C/C","?/?","C/C","C/C","C/C","T/T","C/C","C/C","C/C","C/C","C/C","C/C","?/?","C/C","C/T","C/C","C/C","C/C","C/C","C/T","C/C","C/C","C/C","?/?","C/T","C/C","C/C","C/C","C/C","?/?","C/C","T/T","C/C","C/C","C/C","C/C","C/C","C/C","C/C","C/T","C/T","C/C","C/C","C/C","C/C","C/C","C/C","T/T","C/C","C/C","C/C","C/C","C/C","C/C","C/C","C/C","C/C","C/C","C/C","C/C","C/C","C/C","C/C","C/C","C/C","C/C","C/C","C/C","C/C","C/C","C/C","C/C","C/C","C/C","C/C","C/C","C/C","C/C","C/C","C/C","C/C","C/C","C/C","C/C","C/C","C/C","C/C","C/C","C/C","C/C","C/C","C/C","C/C","C/C","C/C","C/C","C/C","C/C","C/C","C/C","C/C","C/C","C/T","C/C","C/C","C/C","C/C","C/C","C/C","C/C","C/C","C/C","C/C","C/T","C/C","C/T","C/C","C/C","C/T","C/T","C/C","C/C","C/C","C/C","C/C","C/C","C/C","C/T","C/T","C/C","C/T","C/C","C/C","C/C","C/C","C/T","C/C","C/C","C/C","C/C","C/C","C/T","C/C","C/C","C/C","C/C","C/C","C/C","C/T","C/C","C/T","C/C","C/T","C/C","C/C","C/C","C/C","C/C","C/T","C/C","C/C","C/C","C/C","C/C","C/C","C/C","C/T","C/C","C/C","C/C","C/C","C/C","C/C","C/C","C/C","C/C","C/C","C/C","C/C","C/C","C/C","C/C","C/C","C/C","C/C","C/C","C/C","C/C","C/C","C/C","C/C","?/?","C/C","C/C","C/C","C/C","C/C","C/C","C/C","C/C","C/C","C/C","C/C","C/C","C/C","C/T","?/?","C/C","C/C","C/C","C/T","T/T","C/C","C/C","C/C","C/C","C/C","C/C","C/C","C/T","C/C","C/C","C/C","C/T","C/T","C/T","C/C","C/C","C/C","C/C","C/C","C/C","?/?","C/C","C/T","C/C","C/C","C/T","C/T","C/C","C/C","C/C","C/C","C/C","C/C","C/C","C/C","C/C","C/C","C/C","C/C","C/C","C/C","C/C","C/C","C/T","C/T","C/T","C/T","C/C","C/C","C/C","C/C","T/T","C/C","C/C","C/C","C/C","C/C","C/C","C/C","C/C","C/C","C/C","C/C","C/C","C/T","C/C","C/C","C/T","C/T","C/C","C/C","C/C","C/C","C/C","C/C","C/C","C/C","C/C","C/C","C/C","C/C","C/C","C/C","C/C","C/C","C/C","C/C","C/C","C/C","C/C","C/C","C/C","C/C","C/C","C/C","C/C","C/C","C/C","C/C","C/C","C/C","C/C","C/C","C/C","C/C","C/C","C/T","C/T","C/C","C/C","C/C","C/C","C/C","C/C","C/C","C/C","C/T","C/C","C/C","C/C","C/C","C/C","C/C","C/C","C/C","C/C","C/C","C/C","C/C","C/C","C/C","C/C","C/C","C/C","C/C","C/C","C/C","C/C","C/C","C/C","C/C","?/?","C/C","C/C","C/C","C/C","C/C","C/C","C/C","C/C","C/C","T/T","T/T","T/T","C/C","C/C","C/C","C/C","C/C","C/C","C/C","C/C","C/C","C/C","C/C","C/C","C/C","C/C","C/C","C/C","C/C"
"34","PZA00423.17",3908,"7","167060733","","","PZA00423","AY107804","AY107804","random",7821,10841,0,0,0,"C/C","C/C","?/?","?/?","?/?","C/C","C/C","?/?","C/C","C/T","T/T","C/C","C/C","T/T","C/C","C/C","C/C","C/C","C/C","C/C","C/C","C/C","C/C","C/T","C/C","C/C","C/C","C/C","C/C","C/C","C/T","C/T","C/C","C/C","C/T","C/C","C/C","?/?","C/T","C/C","C/C","C/C","C/C","C/C","C/C","C/C","C/C","C/C","C/C","C/C","C/C","C/C","C/C","C/T","C/C","C/T","C/C","C/C","C/C","C/C","C/C","C/C","C/C","C/C","C/C","C/C","C/C","C/C","C/C","C/C","C/C","C/C","C/C","C/C","C/C","C/C","C/C","C/C","C/C","C/C","C/C","C/C","C/C","C/C","C/C","C/C","C/C","C/C","C/C","C/T","C/C","C/C","C/C","C/C","C/T","C/C","C/C","C/T","C/C","C/C","C/T","C/C","C/T","C/T","C/C","C/C","?/?","C/C","C/T","C/C","C/C","C/C","C/C","?/?","C/C","C/C","C/C","C/C","C/C","?/?","?/?","C/C","C/C","?/?","C/C","C/C","C/C","C/C","C/T","C/C","C/T","C/T","C/C","C/T","C/T","C/C","C/C","C/C","C/C","?/?","C/C","C/T","C/C","C/T","C/C","C/C","C/T","C/T","C/T","C/T","C/C","C/T","C/C","?/?","C/C","C/T","C/T","C/C","C/C","C/T","C/T","C/T","C/C","C/C","C/C","C/C","C/C","C/C","C/C","C/C","C/C","C/C","C/C","C/C","C/C","C/C","C/C","C/C","C/C","C/C","C/C","C/C","?/?","?/?","C/C","C/C","C/C","C/C","C/C","C/C","C/C","C/C","C/C","C/C","C/C","C/C","C/C","C/T","C/C","C/C","C/C","C/C","C/C","C/C","C/C","C/T","C/T","C/C","C/C","C/C","C/C","C/C","C/C","C/T","C/C","C/C","C/C","C/C","C/C","C/C","C/C","C/C","C/C","C/C","C/C","C/C","C/C","C/C","C/C","C/C","C/C","C/C","C/C","?/?","C/C","C/C","C/C","C/C","C/C","C/C","C/C","C/C","C/C","C/C","?/?","C/C","C/C","C/C","C/C","C/C","C/T","C/C","C/C","C/C","C/C","C/C","C/C","C/C","C/C","C/C","C/C","C/T","C/C","C/C","C/C","C/C","C/C","C/C","C/C","C/C","C/C","C/C","C/C","C/C","C/C","C/C","C/C","C/C","C/C","C/C","C/C","C/C","C/C","C/C","C/C","C/C","C/C","C/C","C/C","C/C","C/C","C/C","C/C","C/C","C/C","C/C","C/C","C/C","C/C","C/C","C/C","C/C","C/C","C/C","C/C","C/C","C/C","C/C","C/T","C/C","C/C","C/C","C/C","C/C","C/C","C/C","C/T","C/C","C/C","C/C","C/C","C/C","C/C","C/C","C/C","C/C","C/C","C/C","C/C","C/C","C/C","C/C","C/C","C/C","C/C","C/C","C/C","C/C","C/C","C/C","C/C","C/C","C/C","C/C","C/C","C/C","C/C","C/C","C/C","C/C","C/C","C/C","C/C","C/C","C/C","C/C","C/C","C/C","C/C","C/C","C/C","C/C","C/C","C/C","C/C","C/C","C/T","C/T","C/C","C/C","C/C","C/C","C/C","C/C","C/C","C/C","C/C","C/C","C/C","C/C","C/C","C/C","C/C","C/C","C/C","C/C","C/C","C/C","C/C","C/C","C/C","C/C","C/C","C/C","C/C","C/C","C/C","C/C","C/C","C/C","C/C","C/C","C/C","C/C","C/C","C/C","C/C","C/T","C/C","C/C","C/C","C/C","C/C","C/C","C/C","C/C","C/C","C/T","C/C","C/C","C/C","C/C","C/C","C/C","C/T","C/C","C/C","C/C","C/C","C/C","C/C","C/C","C/T","C/C","C/C","C/C","C/C","C/C","C/T","C/C","C/C","C/C","C/C","?/?","C/T","C/C","C/C","C/C","C/C","C/C","C/C","C/C","C/C","C/C","C/T","C/C","C/C","C/C","C/C","C/C","C/C","C/C","C/T","C/C","C/C","C/T","C/C","C/T","C/C","C/C","C/T","?/?","C/T","C/T","C/C","C/C","C/T","C/C","C/C","C/C","C/T","C/T","C/C","C/C","C/C","C/T","C/C","C/C","C/C","C/C","C/C","C/C","C/C","C/T","C/C","C/C","C/C","C/C","C/T","C/C","C/C","C/C","C/C","C/T","C/T","C/C","C/C","C/T","C/C","C/C","C/C","C/C","C/C","C/C","C/C","C/C","C/C","C/C","C/C","C/C","C/C","C/C","C/C","C/C","C/C","C/C","C/C","C/C","C/C","C/C","C/C","C/C","C/C","C/C","C/C","C/C","C/C","C/C","C/C","C/C","C/C","C/C","C/C","C/T","C/C","C/C","C/C","C/C","C/C","C/C","C/C","C/C","C/C","C/C","C/C","C/C","C/C","C/C","C/C","C/C","C/C","C/C","C/C","C/C","C/C","C/C","C/C","C/C","C/C","C/C","C/C","C/C","C/C","C/C","C/C","C/C","C/C","C/C","C/C","C/C","C/C","C/C","C/C","C/C","?/?","C/C","C/C","C/C","C/C","C/C","C/C","C/C","C/C","C/T","C/C","C/C","C/C","C/T","C/C","C/C","C/C","C/C","C/C","C/C","C/C","C/C","C/T","C/C","C/T","C/C","C/C","C/T","C/C","C/C","C/C","C/C","C/C","C/C","C/C","C/C","C/C","C/T","C/C","C/C","C/C","C/C","C/C","C/C","C/C","C/C","C/C","C/C","C/C","C/C","C/C","C/C","C/C","C/C","C/C","C/T","C/C","C/C","C/C","?/?","C/C","C/C","C/C","?/?","C/C","C/C","C/C","C/C","C/C","C/C","C/T","C/C","C/C","C/C","C/C","C/C","C/C","C/C","C/C","C/C","C/C","C/C","C/C","C/C","C/C","C/C","C/C","C/C","C/C","C/C","C/C","C/C","C/C","C/C","C/T","C/C","C/C","C/C","C/C","C/C","C/T","C/C","C/C","C/C","C/C","C/C","C/T","C/C","C/T","C/C","C/C","C/C","C/C","C/C","C/T","C/C","C/C","C/C","C/C","C/C","C/C","C/C","C/C","C/C","C/C","C/C","C/C","C/C","C/C","C/C","C/C","C/C","C/C","C/C","C/C","C/C","C/C","C/C","C/C","C/C","C/C","C/C","C/C","C/T","C/C","C/C","C/C","C/C","C/C","C/C","C/C","C/C","C/T","C/T","C/C","C/C","C/C","C/C","C/C","C/C","C/C","C/C","C/C","C/C","C/C","C/C","C/C","C/C","C/T","C/C","C/C","C/C","C/C","C/C","C/C","C/C","C/C","C/C","C/C","C/C","C/T","C/T","C/C","C/C","C/C","C/T","C/C","C/C","C/C","C/T","C/T","C/T","?/?","C/C","C/C","C/C","C/C","C/C","C/C","C/C","C/C","C/C","C/C","?/?","C/C","C/C","C/C","C/C","C/C","C/C","C/C","C/C","C/C","C/C","C/T","C/C","C/T","C/C","C/T","C/T","C/T","C/C","C/C","C/C","C/C","C/T","C/C","C/T","C/C","C/C","C/T","C/T","?/?","C/T","C/C","C/C","C/C","C/C","C/C","C/C","C/T","C/C","C/C","C/C","C/C","C/T","C/C","C/C","C/C","C/C","C/C","C/C","C/C","C/C","C/C","C/C","C/C","C/C","C/C","C/C","C/C","C/C","C/C","C/T","C/T","C/T","C/C","C/C","C/C","C/C","C/C","C/C","C/C","C/C","C/C","C/C","C/C","C/C","C/C","C/C","C/C","C/C","C/C","C/C","C/C","C/C","C/C","C/C","C/T","C/T","C/C","C/C","C/C","C/C","C/C","C/C","C/C","C/C","C/T","C/C","C/C","C/T","C/C","C/C","C/C","C/C","C/C","C/C","C/C","C/C","C/C","C/C","C/C","C/C","C/C","C/C","C/C","C/C","C/C","C/C","C/C","C/C","C/C","C/C","C/C","C/C","?/?","C/C","C/C","C/C","C/C","C/C","C/C","C/C","C/C","C/C","C/T","C/C","C/C","C/C","C/C","C/C","?/?","C/C","C/C","C/C","C/C","C/C","C/C","C/C","C/C","C/C","C/C","C/C","C/C","C/C","C/C","C/C","C/C","C/C","C/C","C/C","?/?","C/C","C/C","C/C","C/C","C/C","?/?","C/C","C/C","C/C","C/C","C/C","C/C","C/C","C/C","C/C","C/C","?/?","C/C","C/C","C/C","C/C","C/C","C/C","C/C","C/C","C/C","C/T","C/C"
"1","PZA00043.7",3621,"7","167218288","","","PZA00043","AY106390","AY106390","random",7668,10529,1,1,1,"T/T","C/T","T/T","C/T","T/T","T/T","T/T","T/T","T/T","C/T","T/T","C/T","C/T","C/T","T/T","T/T","T/T","T/T","T/T","T/T","T/T","T/T","T/T","C/T","C/T","C/T","T/T","T/T","T/T","C/T","C/T","T/T","T/T","T/T","T/T","T/T","T/T","T/T","C/T","T/T","C/T","T/T","T/T","T/T","T/T","T/T","T/T","T/T","T/T","T/T","T/T","?/?","T/T","C/C","T/T","T/T","T/T","T/T","T/T","T/T","?/?","T/T","T/T","C/T","T/T","C/C","T/T","T/T","T/T","C/T","T/T","C/C","T/T","T/T","T/T","C/T","T/T","T/T","T/T","T/T","T/T","T/T","C/T","T/T","T/T","C/T","T/T","T/T","T/T","T/T","T/T","T/T","T/T","T/T","T/T","C/T","T/T","T/T","T/T","T/T","T/T","T/T","C/T","T/T","T/T","T/T","C/C","T/T","T/T","T/T","T/T","?/?","T/T","C/C","T/T","C/T","T/T","T/T","T/T","T/T","C/T","T/T","T/T","T/T","T/T","T/T","T/T","C/T","T/T","C/T","T/T","T/T","C/T","T/T","T/T","T/T","T/T","T/T","C/T","T/T","T/T","C/T","?/?","C/C","T/T","T/T","C/C","C/T","C/T","C/C","T/T","C/C","T/T","C/T","T/T","T/T","T/T","T/T","C/C","C/T","C/T","C/C","T/T","T/T","C/T","T/T","T/T","C/T","C/C","T/T","T/T","T/T","C/C","C/T","C/C","T/T","C/T","C/T","C/C","T/T","T/T","C/T","T/T","T/T","T/T","C/C","C/C","T/T","T/T","C/C","T/T","T/T","T/T","T/T","C/T","T/T","?/?","T/T","C/T","T/T","T/T","T/T","T/T","T/T","T/T","C/T","C/C","T/T","T/T","T/T","C/T","T/T","T/T","T/T","T/T","T/T","T/T","T/T","T/T","T/T","T/T","T/T","T/T","T/T","T/T","C/C","T/T","T/T","T/T","T/T","T/T","C/T","T/T","T/T","C/T","C/T","C/T","T/T","T/T","T/T","T/T","C/T","C/C","T/T","T/T","T/T","T/T","T/T","C/T","T/T","?/?","T/T","?/?","C/T","T/T","T/T","C/T","C/C","T/T","T/T","C/T","C/T","T/T","T/T","T/T","T/T","T/T","T/T","T/T","T/T","T/T","T/T","T/T","T/T","T/T","T/T","T/T","T/T","T/T","T/T","T/T","T/T","T/T","T/T","T/T","T/T","T/T","T/T","T/T","T/T","T/T","T/T","T/T","T/T","T/T","C/T","T/T","T/T","T/T","T/T","T/T","C/T","C/T","C/T","?/?","T/T","C/T","T/T","C/T","T/T","T/T","T/T","T/T","T/T","T/T","T/T","T/T","T/T","T/T","T/T","?/?","T/T","T/T","T/T","T/T","T/T","C/T","T/T","T/T","T/T","T/T","T/T","T/T","T/T","T/T","T/T","C/T","T/T","T/T","T/T","T/T","T/T","T/T","C/T","T/T","C/T","T/T","T/T","T/T","T/T","C/T","T/T","T/T","T/T","C/T","?/?","T/T","T/T","T/T","T/T","T/T","T/T","T/T","T/T","T/T","T/T","T/T","T/T","C/T","T/T","C/C","T/T","T/T","T/T","T/T","T/T","T/T","T/T","T/T","T/T","T/T","T/T","T/T","T/T","?/?","?/?","T/T","T/T","T/T","C/T","T/T","T/T","C/T","C/T","T/T","T/T","T/T","T/T","T/T","T/T","T/T","T/T","T/T","T/T","T/T","T/T","C/T","T/T","T/T","T/T","T/T","T/T","T/T","T/T","T/T","T/T","T/T","T/T","T/T","T/T","T/T","T/T","T/T","T/T","T/T","T/T","T/T","T/T","T/T","T/T","C/T","T/T","T/T","C/T","T/T","T/T","T/T","T/T","T/T","C/T","T/T","T/T","T/T","T/T","T/T","C/T","C/T","T/T","C/T","T/T","T/T","T/T","T/T","T/T","T/T","T/T","T/T","T/T","T/T","T/T","T/T","T/T","T/T","T/T","T/T","T/T","?/?","T/T","T/T","T/T","T/T","T/T","T/T","T/T","C/T","T/T","C/T","T/T","T/T","C/T","T/T","T/T","C/T","T/T","T/T","T/T","C/T","T/T","T/T","T/T","T/T","T/T","T/T","T/T","T/T","T/T","T/T","T/T","T/T","T/T","T/T","T/T","T/T","T/T","T/T","T/T","T/T","T/T","?/?","T/T","T/T","T/T","T/T","T/T","T/T","T/T","T/T","T/T","T/T","C/T","T/T","T/T","T/T","T/T","T/T","T/T","T/T","C/T","T/T","T/T","C/T","T/T","T/T","T/T","T/T","?/?","T/T","?/?","T/T","T/T","T/T","T/T","T/T","T/T","T/T","T/T","T/T","T/T","C/T","T/T","T/T","C/T","?/?","T/T","T/T","T/T","T/T","T/T","T/T","T/T","T/T","T/T","T/T","T/T","T/T","T/T","T/T","T/T","T/T","T/T","T/T","T/T","C/C","T/T","T/T","T/T","T/T","T/T","C/C","C/C","T/T","C/C","C/T","T/T","C/T","T/T","T/T","T/T","T/T","T/T","T/T","T/T","C/T","T/T","C/T","T/T","T/T","T/T","C/T","T/T","T/T","T/T","T/T","T/T","T/T","T/T","T/T","T/T","T/T","T/T","C/T","T/T","T/T","T/T","T/T","T/T","T/T","T/T","T/T","C/T","T/T","T/T","T/T","T/T","T/T","T/T","T/T","T/T","T/T","T/T","T/T","T/T","T/T","T/T","T/T","T/T","T/T","C/T","T/T","T/T","T/T","T/T","T/T","T/T","T/T","T/T","T/T","T/T","T/T","C/T","C/T","T/T","C/T","T/T","T/T","T/T","T/T","C/T","T/T","T/T","T/T","T/T","C/T","T/T","T/T","T/T","T/T","T/T","T/T","T/T","C/T","T/T","T/T","C/T","C/T","C/T","C/T","T/T","T/T","C/T","T/T","T/T","T/T","T/T","T/T","T/T","T/T","T/T","C/T","T/T","T/T","T/T","T/T","C/T","T/T","T/T","T/T","?/?","T/T","T/T","T/T","T/T","T/T","T/T","T/T","C/T","T/T","T/T","T/T","T/T","T/T","T/T","T/T","T/T","T/T","C/T","T/T","T/T","C/T","T/T","T/T","T/T","T/T","T/T","C/T","T/T","C/C","?/?","T/T","T/T","C/T","T/T","T/T","T/T","T/T","T/T","C/C","T/T","T/T","T/T","T/T","?/?","T/T","T/T","T/T","T/T","T/T","T/T","T/T","T/T","T/T","T/T","C/T","T/T","T/T","T/T","C/T","T/T","T/T","T/T","T/T","?/?","C/T","T/T","T/T","?/?","T/T","?/?","C/T","T/T","?/?","T/T","T/T","T/T","T/T","T/T","T/T","C/T","T/T","C/T","T/T","T/T","C/T","T/T","T/T","T/T","T/T","C/T","T/T","T/T","T/T","T/T","T/T","T/T","T/T","T/T","T/T","T/T","T/T","?/?","T/T","T/T","T/T","T/T","T/T","T/T","T/T","T/T","T/T","T/T","T/T","T/T","T/T","C/T","T/T","T/T","T/T","T/T","T/T","T/T","T/T","T/T","T/T","T/T","T/T","T/T","T/T","T/T","T/T","T/T","T/T","C/T","T/T","T/T","T/T","T/T","C/T","T/T","C/T","T/T","T/T","C/T","T/T","C/T","C/T","T/T","T/T","C/T","C/T","T/T","C/T","T/T","T/T","T/T","T/T","T/T","T/T","?/?","T/T","T/T","T/T","T/T","T/T","T/T","T/T","T/T","T/T","T/T","T/T","T/T","T/T","C/T","T/T","C/T","C/T","T/T","T/T","T/T","T/T","T/T","T/T","C/T","T/T","T/T","C/T","T/T","C/T","T/T","C/T","?/?","T/T","T/T","C/T","T/T","T/T","T/T","T/T","C/T","?/?","T/T","T/T","C/C","C/T","T/T","T/T","T/T","T/T","T/T","T/T","T/T","T/T","T/T","T/T","T/T","T/T","T/T","T/T","T/T","T/T","T/T","T/T","T/T","T/T","T/T","T/T","T/T","C/T","C/T","C/C","T/T","C/C","T/T","T/T","T/T","T/T","T/T","T/T","C/C","C/C","T/T","T/T","T/T","T/T","T/T","C/C","C/C","T/T","T/T","T/T","C/C","C/C","T/T","T/T","T/T","T/T","T/T","T/T","T/T","T/T","T/T","T/T","T/T","T/T","T/T","T/T","T/T","T/T","T/T","T/T","T/T","C/C","C/C","T/T","T/T","T/T"
"35","PZA00424.1",3909,"7","169017514","","","PZA00424","AY107799","AY107799","random",7822,10842,1,1,1,"T/T","C/T","T/T","C/T","T/T","T/T","T/T","C/T","T/T","C/T","C/C","T/T","T/T","C/T","T/T","T/T","C/T","T/T","T/T","T/T","C/T","T/T","T/T","T/T","C/T","T/T","T/T","T/T","C/C","T/T","T/T","C/T","C/T","T/T","T/T","T/T","T/T","C/T","T/T","T/T","C/T","T/T","T/T","T/T","T/T","T/T","T/T","T/T","T/T","T/T","T/T","T/T","T/T","T/T","T/T","T/T","T/T","T/T","T/T","T/T","T/T","T/T","T/T","T/T","C/T","T/T","T/T","C/T","T/T","C/T","C/T","T/T","C/T","T/T","T/T","T/T","T/T","T/T","C/T","T/T","T/T","C/T","T/T","C/T","T/T","T/T","T/T","T/T","T/T","T/T","T/T","T/T","T/T","T/T","T/T","T/T","T/T","T/T","T/T","T/T","T/T","T/T","T/T","T/T","T/T","T/T","T/T","T/T","T/T","C/T","T/T","T/T","T/T","T/T","T/T","T/T","T/T","C/T","T/T","T/T","T/T","C/C","C/T","C/T","T/T","T/T","T/T","T/T","C/T","T/T","C/T","T/T","T/T","C/C","T/T","T/T","C/T","T/T","C/T","T/T","C/T","T/T","T/T","C/T","C/T","T/T","T/T","C/T","T/T","C/T","T/T","T/T","T/T","T/T","T/T","C/T","T/T","T/T","T/T","C/T","T/T","T/T","T/T","T/T","C/T","?/?","C/T","T/T","C/T","T/T","T/T","C/T","C/T","T/T","T/T","C/T","T/T","C/T","T/T","C/C","C/T","T/T","T/T","T/T","C/T","C/C","T/T","C/T","C/C","C/T","C/C","C/T","C/C","C/T","T/T","T/T","T/T","T/T","T/T","T/T","C/C","C/T","C/T","C/T","T/T","T/T","T/T","C/T","C/T","C/T","T/T","T/T","T/T","T/T","T/T","T/T","C/T","T/T","T/T","T/T","T/T","C/T","C/T","C/T","T/T","C/T","T/T","T/T","C/T","T/T","T/T","C/C","T/T","T/T","C/T","T/T","T/T","C/T","T/T","C/T","T/T","C/T","T/T","C/T","T/T","C/T","C/T","T/T","T/T","C/T","T/T","C/T","T/T","T/T","C/T","T/T","T/T","T/T","T/T","T/T","T/T","T/T","T/T","C/T","C/C","C/C","T/T","T/T","C/C","T/T","T/T","C/T","T/T","C/C","C/T","T/T","C/T","C/T","T/T","C/T","T/T","T/T","T/T","T/T","T/T","T/T","T/T","T/T","T/T","C/T","C/T","C/T","T/T","T/T","C/T","C/T","C/T","T/T","T/T","T/T","C/C","C/T","C/T","T/T","T/T","C/T","C/T","T/T","T/T","T/T","T/T","T/T","C/T","T/T","C/T","T/T","T/T","T/T","T/T","T/T","T/T","T/T","T/T","T/T","T/T","T/T","T/T","C/T","C/T","C/T","T/T","C/C","T/T","C/T","C/T","C/T","T/T","T/T","C/C","C/T","T/T","T/T","C/T","T/T","C/T","T/T","C/T","T/T","C/C","C/T","T/T","C/T","C/T","C/T","C/T","C/T","C/T","C/T","T/T","T/T","T/T","C/T","C/T","T/T","T/T","C/T","T/T","C/C","C/T","T/T","T/T","T/T","C/T","C/T","C/T","T/T","C/T","T/T","T/T","T/T","T/T","C/C","C/T","C/T","T/T","C/C","C/T","C/T","C/T","T/T","C/T","C/T","T/T","C/T","C/T","T/T","T/T","C/T","C/T","T/T","C/T","C/T","C/T","C/T","T/T","C/T","C/T","C/C","C/T","T/T","T/T","C/C","C/C","C/T","C/T","T/T","T/T","T/T","C/T","C/T","T/T","T/T","C/T","C/C","C/T","T/T","T/T","C/C","C/T","C/T","T/T","T/T","C/C","C/C","C/T","T/T","T/T","T/T","C/T","T/T","T/T","C/T","C/T","C/T","C/T","T/T","C/T","C/T","C/T","C/C","T/T","C/T","T/T","C/C","T/T","C/T","C/C","T/T","C/T","T/T","T/T","T/T","T/T","T/T","T/T","T/T","T/T","T/T","C/T","T/T","C/C","T/T","T/T","C/T","T/T","C/T","T/T","T/T","T/T","T/T","T/T","T/T","C/T","T/T","T/T","T/T","T/T","C/T","T/T","T/T","T/T","C/T","T/T","T/T","C/T","T/T","T/T","T/T","C/T","T/T","C/T","C/T","T/T","T/T","C/T","T/T","C/T","C/T","T/T","C/T","T/T","T/T","T/T","T/T","T/T","T/T","T/T","T/T","C/T","T/T","C/T","T/T","T/T","T/T","T/T","T/T","T/T","C/T","T/T","T/T","T/T","C/T","T/T","T/T","T/T","T/T","T/T","C/T","T/T","T/T","T/T","C/T","T/T","C/T","C/T","T/T","T/T","T/T","T/T","T/T","C/T","T/T","C/C","C/T","T/T","C/C","T/T","C/C","T/T","T/T","T/T","C/T","C/T","C/T","C/C","C/T","C/T","T/T","C/T","C/T","C/T","C/T","C/C","C/C","C/T","C/T","C/T","C/T","C/C","C/C","T/T","T/T","T/T","T/T","T/T","T/T","C/T","C/T","T/T","T/T","T/T","T/T","C/T","T/T","T/T","T/T","T/T","T/T","T/T","T/T","T/T","T/T","T/T","T/T","T/T","T/T","T/T","C/T","T/T","C/T","C/T","T/T","T/T","T/T","T/T","C/C","T/T","T/T","C/C","C/T","C/T","T/T","T/T","T/T","C/T","T/T","C/C","T/T","T/T","C/T","C/T","C/T","C/C","T/T","T/T","T/T","C/T","T/T","T/T","C/C","?/?","T/T","T/T","C/T","C/C","T/T","C/C","T/T","C/T","C/T","C/T","T/T","C/C","T/T","T/T","T/T","T/T","T/T","T/T","C/T","T/T","T/T","T/T","T/T","C/T","C/T","T/T","T/T","C/T","T/T","C/C","T/T","T/T","T/T","T/T","C/T","T/T","T/T","T/T","C/T","T/T","T/T","C/T","T/T","T/T","T/T","T/T","T/T","T/T","C/T","C/T","C/T","T/T","T/T","T/T","C/T","C/T","C/T","T/T","T/T","T/T","C/T","T/T","T/T","C/T","T/T","C/T","C/C","T/T","T/T","C/T","T/T","C/T","C/T","T/T","C/C","C/T","T/T","T/T","C/T","C/T","C/T","C/T","T/T","C/T","T/T","C/C","T/T","C/T","T/T","C/T","T/T","T/T","C/T","C/T","C/C","C/C","T/T","C/T","T/T","T/T","T/T","C/T","T/T","C/T","T/T","C/T","T/T","C/C","T/T","T/T","T/T","C/T","T/T","T/T","T/T","C/T","T/T","T/T","T/T","C/T","T/T","T/T","C/T","T/T","T/T","C/T","T/T","T/T","T/T","C/T","C/T","T/T","C/T","T/T","C/T","C/C","T/T","T/T","C/T","C/T","T/T","T/T","C/T","T/T","C/T","C/T","T/T","T/T","T/T","T/T","T/T","T/T","T/T","C/T","T/T","C/T","C/T","C/T","T/T","C/T","T/T","T/T","C/T","T/T","T/T","T/T","T/T","T/T","T/T","T/T","C/T","T/T","C/T","T/T","C/T","T/T","T/T","C/T","T/T","C/T","T/T","C/T","C/C","C/T","C/T","T/T","C/T","T/T","T/T","C/T","T/T","C/T","T/T","T/T","T/T","T/T","T/T","T/T","C/T","T/T","T/T","C/C","T/T","T/T","T/T","T/T","T/T","C/T","T/T","C/T","T/T","T/T","C/T","T/T","T/T","C/T","T/T","C/T","T/T","C/T","T/T","C/C","T/T","C/T","C/C","T/T","C/T","T/T","T/T","T/T","C/T","C/T","T/T","T/T","T/T","T/T","T/T","T/T","C/T","T/T","T/T","T/T","C/C","T/T","T/T","T/T","T/T","T/T","T/T","T/T","T/T","T/T","T/T","T/T","T/T","T/T","C/T","T/T","T/T","C/C","C/T","T/T","T/T","T/T","T/T","T/T","T/T","T/T","T/T","T/T","T/T","C/T","T/T","C/C","C/C","C/T","T/T","T/T","C/T","T/T","T/T","C/T","T/T","T/T","T/T","T/T","T/T","T/T","T/T","T/T","T/T","C/T","C/C","T/T","T/T","T/T","T/T","T/T","T/T","T/T","T/T","T/T","T/T","C/C","C/C","T/T","T/T","T/T","T/T","T/T","C/C","C/C","C/C","C/C","T/T","T/T","T/T","T/T","T/T","T/T","?/?","T/T","T/T","T/T","T/T","T/T","T/T","T/T","T/T","C/C","C/C","T/T","T/T","T/T"
"46","PZA02850.18",4234,"7","169067788","","","PZA02850","AY104982","AY104982","random",8009,11180,1,1,1,"C/C","C/C","C/C","C/C","C/C","C/G","G/G","C/C","C/C","C/G","C/C","G/G","C/C","C/C","C/C","C/C","?/?","C/C","C/C","?/?","C/C","C/C","C/C","C/G","C/G","C/G","C/C","C/G","G/G","C/C","C/C","G/G","C/G","C/C","C/G","C/G","C/G","C/G","C/G","C/C","C/C","C/C","C/C","C/C","C/C","C/C","C/C","C/C","C/G","C/C","C/G","C/C","C/C","C/C","C/C","C/C","C/C","C/G","C/C","C/C","C/C","C/C","C/C","C/C","C/G","C/C","C/G","C/C","C/C","C/C","C/C","C/C","C/G","C/C","C/C","C/C","C/C","C/C","C/C","C/G","C/C","C/C","C/G","C/G","C/C","C/C","C/C","C/G","C/C","C/C","C/C","C/C","C/C","C/C","C/C","C/C","C/G","C/C","C/G","C/G","C/C","C/C","C/C","C/C","C/C","C/C","C/C","C/C","C/C","C/C","C/C","C/C","C/C","C/C","C/C","G/G","C/G","C/G","C/G","C/C","C/G","G/G","G/G","C/G","C/G","C/C","C/C","C/G","C/G","C/G","G/G","C/G","C/C","G/G","C/G","C/G","G/G","G/G","C/G","C/C","C/G","C/C","C/G","C/G","C/C","C/C","C/C","C/G","C/C","C/C","C/C","C/C","C/C","C/C","C/C","C/G","C/G","C/C","C/C","C/C","G/G","C/C","C/C","C/G","G/G","C/G","C/G","C/C","C/C","C/C","C/C","C/C","C/G","C/G","C/G","C/C","C/C","C/C","C/C","C/G","C/C","C/C","C/C","C/C","C/C","C/C","C/C","C/C","C/C","C/C","C/C","C/C","C/C","C/C","C/C","C/C","C/G","C/C","G/G","C/C","C/C","C/G","C/C","C/C","C/G","C/C","C/C","C/G","C/C","C/G","C/C","C/G","C/C","C/G","C/G","G/G","C/C","C/C","C/C","C/G","C/G","C/C","C/C","C/C","C/G","C/C","C/C","C/C","C/G","C/C","C/C","C/G","C/G","C/C","C/G","C/C","C/C","C/G","C/C","C/C","C/C","C/C","C/C","C/C","C/C","C/C","C/C","G/G","C/C","C/C","C/C","?/?","C/C","C/C","C/C","C/G","C/C","C/G","C/C","G/G","C/C","C/C","C/C","C/C","C/C","C/C","C/C","C/G","C/C","C/G","C/G","G/G","C/G","C/C","C/C","G/G","C/G","C/C","G/G","C/G","G/G","G/G","C/G","C/C","C/C","C/G","C/G","G/G","C/C","C/C","C/C","C/C","C/G","C/G","C/C","C/G","C/C","C/G","C/C","C/C","C/C","C/C","C/G","C/C","C/G","C/C","C/C","C/G","C/G","C/G","C/C","C/C","C/C","C/C","C/C","C/C","C/C","C/C","C/C","C/C","C/C","C/C","C/C","C/C","C/C","C/C","C/G","C/C","C/C","C/G","C/C","C/C","C/G","C/G","C/G","?/?","C/C","G/G","C/C","C/G","C/C","C/C","C/C","C/G","C/G","C/G","C/G","G/G","C/C","C/G","G/G","C/C","C/G","C/C","C/G","C/G","C/G","C/G","C/C","C/C","C/G","?/?","C/G","G/G","C/C","C/C","C/G","C/C","C/C","G/G","C/C","C/C","C/C","C/G","C/G","C/G","C/G","C/C","C/C","C/C","C/C","C/C","C/C","C/C","C/G","C/C","C/C","C/G","C/C","C/C","C/C","C/C","C/C","C/C","C/C","C/C","C/C","C/C","C/G","C/C","C/C","C/C","C/C","C/C","C/C","C/C","?/?","C/C","G/G","G/G","C/C","?/?","C/C","C/C","C/C","C/C","C/G","C/G","C/C","C/C","C/C","C/G","C/C","C/C","C/C","C/G","C/C","C/C","C/C","C/G","C/C","C/G","C/C","C/C","C/C","C/C","C/C","?/?","?/?","C/C","C/C","C/C","C/C","G/G","C/C","C/C","C/C","C/C","C/G","C/C","C/C","C/C","C/C","C/G","G/G","C/C","C/C","C/C","C/C","C/C","C/C","C/C","C/C","C/C","C/C","C/C","C/C","C/C","C/C","C/C","C/C","C/C","C/C","C/C","C/G","C/C","C/G","C/C","C/G","C/C","C/C","C/C","C/C","C/C","C/C","C/C","C/C","C/C","C/C","?/?","C/C","C/G","C/C","C/C","C/C","G/G","G/G","C/G","C/G","C/C","C/C","C/G","G/G","C/C","C/G","C/C","C/G","C/C","C/C","C/G","C/C","C/C","C/C","C/C","C/C","C/C","C/C","C/C","C/C","C/G","C/C","C/C","C/C","C/C","C/C","C/C","C/C","C/C","C/C","C/C","C/C","C/C","C/C","G/G","C/C","C/C","C/C","C/C","C/C","C/C","C/C","C/C","C/G","C/C","C/C","C/C","C/C","C/C","C/C","C/C","C/C","C/G","C/C","C/C","C/C","C/C","C/C","C/C","C/C","C/C","C/C","C/C","C/C","C/C","C/C","C/C","C/C","C/C","C/C","C/C","C/C","C/C","C/C","C/C","C/G","C/C","C/G","C/G","C/G","G/G","C/C","C/C","C/C","C/C","C/C","C/C","C/C","C/C","C/C","C/C","C/G","C/G","C/G","C/C","C/G","C/C","C/C","C/C","C/C","C/C","C/C","C/C","C/C","C/C","C/C","C/C","C/G","C/C","C/C","C/C","C/C","C/C","C/G","C/C","C/G","C/C","C/G","C/C","C/C","C/G","C/C","C/G","C/C","C/C","C/C","C/G","C/C","C/G","C/C","C/G","C/C","C/C","C/C","C/C","C/C","C/C","C/G","C/G","C/G","C/C","C/G","C/C","C/C","C/C","G/G","C/G","C/C","G/G","C/C","C/C","C/C","?/?","G/G","C/C","C/C","?/?","C/G","C/C","C/C","C/G","G/G","C/G","C/C","C/C","C/C","C/C","C/C","C/C","C/C","C/C","C/C","C/C","C/G","C/G","C/C","C/C","C/G","C/G","C/G","C/G","C/C","C/G","C/C","C/C","G/G","G/G","C/C","C/C","C/G","C/C","C/G","C/C","C/C","C/C","C/G","C/C","C/C","C/C","C/C","C/C","C/C","C/G","C/G","C/C","C/C","C/C","C/G","?/?","C/C","C/G","C/C","C/C","C/C","C/C","C/C","C/C","G/G","C/C","C/C","C/C","C/C","C/C","C/G","C/C","C/G","C/C","G/G","C/C","C/C","C/C","C/C","C/C","G/G","C/G","G/G","C/G","C/C","C/G","C/G","C/G","C/G","C/C","C/C","G/G","?/?","G/G","C/G","C/G","C/C","C/G","C/G","G/G","C/G","C/G","C/G","C/C","C/C","C/G","C/G","C/G","C/C","C/C","C/C","?/?","C/G","?/?","C/G","C/C","C/G","C/C","C/G","C/G","C/C","C/C","C/G","C/C","C/C","C/C","C/C","C/C","C/C","C/C","C/C","G/G","C/C","C/C","C/C","C/C","C/G","C/C","C/C","C/C","C/C","C/C","C/C","C/C","C/C","G/G","?/?","C/C","C/C","C/G","C/G","C/C","C/C","C/C","C/C","C/C","C/C","C/C","C/G","C/G","C/C","G/G","C/C","C/C","C/C","C/G","C/C","C/C","C/C","C/C","C/G","C/C","C/G","C/C","C/C","C/G","C/C","C/G","C/G","G/G","C/G","C/G","C/C","G/G","C/C","C/C","C/C","C/G","C/C","G/G","C/C","C/G","C/C","C/C","C/G","C/C","C/C","C/G","C/C","C/C","?/?","C/C","?/?","C/G","C/C","?/?","C/C","C/C","C/C","C/G","C/C","C/C","C/G","G/G","C/G","C/C","C/C","C/C","C/C","C/C","C/G","C/G","G/G","C/G","C/G","G/G","C/G","C/C","C/C","C/C","G/G","C/C","C/C","G/G","C/C","C/C","C/G","C/G","C/C","G/G","C/C","C/C","C/C","C/C","C/C","C/C","C/C","C/G","G/G","C/G","G/G","G/G","C/G","C/G","G/G","C/G","C/C","C/G","C/C","C/C","C/C","C/C","?/?","C/C","C/C","C/C","C/C","C/G","C/C","C/C","C/C","C/C","C/G","C/C","G/G","G/G","G/G","G/G","G/G","G/G","C/C","C/C","C/C","C/C","C/C","C/C","C/C","G/G","G/G","G/G","C/C","C/C","G/G","G/G","G/G","G/G","G/G","C/C","C/C","G/G","G/G","G/G","G/G","C/C","C/C","C/C","C/C","G/G","G/G","G/G","C/C","C/C","C/C","C/C","C/C","C/C","C/C","C/C","G/G","G/G","G/G","G/G","G/G"
"47","PZA02850.4",4235,"7","169067986","","","PZA02850","AY104982","AY104982","random",8010,11181,0,0,0,"A/A","A/A","A/A","A/A","?/?","A/A","A/A","A/C","?/?","A/A","A/A","A/A","A/A","A/C","A/A","A/A","A/C","A/A","A/C","A/A","A/A","A/A","A/A","A/A","A/A","A/A","A/C","A/A","A/A","A/C","A/C","A/A","A/A","A/A","?/?","?/?","?/?","A/A","A/A","A/A","A/A","A/C","C/C","A/A","A/A","A/C","A/A","A/C","A/C","A/A","A/C","?/?","A/A","A/C","A/A","C/C","A/C","A/A","C/C","A/C","?/?","?/?","C/C","A/A","A/C","A/A","A/A","A/A","A/A","A/C","A/A","A/A","A/A","A/C","A/A","A/C","A/A","A/A","A/A","A/A","A/A","A/C","A/A","A/A","A/A","A/C","A/A","A/A","A/A","A/A","A/A","A/A","C/C","A/A","A/A","A/C","A/A","A/A","A/A","A/A","A/A","A/A","A/A","A/A","A/A","A/A","A/C","A/C","A/C","A/C","A/A","?/?","A/A","A/C","A/A","A/A","A/C","A/A","A/A","C/C","A/C","A/A","A/A","A/A","A/A","A/A","A/A","A/A","A/A","A/A","A/A","A/A","A/A","A/A","A/C","?/?","A/A","A/A","A/C","A/C","A/A","A/A","A/A","A/A","A/C","A/A","A/C","A/A","A/A","?/?","A/A","A/A","A/A","A/C","A/A","A/A","A/A","A/C","A/A","A/C","A/A","A/C","A/A","A/A","A/A","A/A","A/A","A/A","A/A","A/A","A/A","A/A","A/A","A/A","?/?","A/A","A/C","A/A","A/A","A/C","A/A","A/A","A/A","?/?","A/C","A/A","A/A","A/C","A/A","A/A","A/A","A/C","A/A","A/A","A/A","?/?","A/C","A/A","A/A","C/C","A/A","A/A","A/A","A/A","A/C","A/C","A/A","A/C","A/A","A/C","A/A","?/?","A/A","A/A","A/C","A/A","A/A","A/A","C/C","A/C","A/C","A/C","C/C","A/C","A/A","A/A","A/A","A/C","A/A","A/C","C/C","A/A","A/A","A/A","A/A","C/C","A/A","A/A","A/A","A/C","A/A","A/A","A/A","A/A","A/A","A/A","A/A","A/A","A/C","A/C","A/A","A/A","A/A","A/C","A/C","A/C","A/C","A/A","A/A","A/C","A/A","A/C","C/C","A/A","A/A","A/A","A/C","A/A","A/A","A/A","A/A","A/C","A/A","A/A","A/A","A/A","A/C","A/C","A/A","A/A","A/A","A/A","A/A","A/A","A/A","A/A","A/A","A/A","A/A","A/A","A/A","A/A","A/C","A/A","A/A","A/A","A/C","A/A","A/A","A/A","?/?","A/A","A/A","A/A","A/A","A/C","A/C","A/A","A/A","A/A","C/C","A/A","A/C","A/C","A/A","A/A","A/A","A/A","A/A","A/A","A/A","A/A","A/A","A/A","A/A","A/A","A/C","A/C","A/A","A/A","A/A","A/A","A/A","A/A","A/A","A/A","A/C","A/A","A/A","A/A","A/A","C/C","A/A","A/A","A/A","A/A","A/A","A/A","A/A","A/A","A/A","A/A","A/A","A/A","A/A","?/?","A/A","A/A","C/C","A/A","?/?","?/?","A/A","A/A","A/A","A/A","A/C","?/?","A/A","A/A","A/C","A/A","A/A","A/C","A/A","A/A","A/A","C/C","?/?","A/A","A/A","A/A","A/A","A/A","A/A","A/A","A/A","A/A","A/A","A/A","A/A","A/A","A/A","?/?","A/A","A/C","A/A","A/A","A/A","A/A","A/A","A/A","A/A","A/C","A/C","C/C","A/C","A/A","A/A","A/A","A/A","A/A","A/A","A/C","A/C","?/?","A/C","A/A","A/A","?/?","A/C","A/C","A/C","A/A","A/A","A/A","A/C","A/A","A/C","A/A","A/C","A/A","A/A","A/C","A/A","A/C","A/A","A/A","A/A","A/A","A/C","A/A","A/A","A/A","A/A","A/A","A/A","A/A","A/A","A/A","A/A","A/A","A/A","A/A","A/A","A/A","A/A","A/A","A/A","A/A","A/C","A/A","A/C","A/A","A/A","A/A","?/?","A/A","A/A","A/A","A/A","A/A","A/A","A/A","A/A","A/A","A/A","A/A","A/A","A/A","A/A","A/A","A/A","A/A","A/A","?/?","C/C","A/A","A/A","C/C","A/A","A/A","A/C","A/A","A/A","A/A","A/A","A/A","A/A","A/A","A/A","A/A","A/A","A/A","A/A","?/?","A/A","A/A","?/?","A/C","A/C","C/C","A/A","A/C","A/C","C/C","A/C","?/?","A/A","A/C","A/A","A/C","A/A","A/C","A/C","C/C","A/A","A/A","A/C","C/C","A/C","?/?","A/C","A/A","A/A","?/?","A/A","?/?","A/C","C/C","A/C","A/A","A/A","A/C","A/A","C/C","A/A","C/C","A/C","C/C","A/A","A/A","?/?","?/?","A/A","A/A","A/A","?/?","A/A","C/C","A/A","A/A","A/C","A/A","A/A","A/A","A/A","A/A","A/A","A/A","A/A","A/A","A/A","A/A","A/C","A/C","A/C","A/C","A/A","A/A","A/A","C/C","A/A","A/C","A/C","A/C","A/C","A/A","A/A","A/C","A/A","A/A","A/A","A/C","A/C","A/A","A/C","A/A","A/C","A/C","A/A","A/A","C/C","A/A","A/A","A/A","A/A","A/A","A/C","A/C","A/A","A/A","A/A","A/A","A/A","A/A","A/A","A/A","C/C","A/A","A/C","A/A","A/A","A/A","A/C","A/A","A/C","A/A","A/A","A/A","A/A","A/C","A/A","A/A","A/A","A/A","A/A","A/C","A/A","A/A","A/A","C/C","A/A","A/C","A/A","?/?","A/A","A/A","A/A","C/C","A/C","A/A","A/A","A/A","A/A","A/A","A/A","?/?","A/A","A/A","A/A","A/A","A/C","A/A","A/C","A/A","A/A","A/A","A/A","A/C","C/C","A/C","A/C","?/?","A/C","A/A","A/A","A/A","A/A","A/A","A/A","A/A","A/A","A/A","A/A","A/A","A/A","A/A","A/C","A/A","A/A","A/A","A/A","A/A","A/C","A/A","A/C","A/A","A/A","A/C","A/A","A/A","A/A","A/A","A/A","A/A","A/A","A/A","A/A","A/A","A/A","A/C","A/A","A/A","A/A","C/C","A/A","A/A","A/A","A/A","A/C","A/A","A/C","A/A","A/A","C/C","A/A","?/?","?/?","A/A","A/A","A/A","A/A","A/A","A/A","A/A","A/A","A/C","A/A","A/C","A/C","A/C","A/A","A/A","A/A","A/A","A/A","A/A","A/A","A/A","A/A","A/A","A/A","A/A","A/A","A/A","A/A","A/A","A/A","A/A","A/A","A/A","C/C","A/A","A/A","A/A","A/A","A/A","A/A","A/A","A/A","A/A","A/A","A/A","A/A","A/C","A/A","A/A","A/A","A/A","A/C","A/A","A/A","A/A","A/A","A/A","A/A","A/A","A/A","A/A","A/A","A/C","A/A","C/C","A/A","A/A","A/A","A/A","A/C","A/A","?/?","A/A","A/A","A/C","A/A","A/A","A/A","A/A","C/C","?/?","A/A","A/A","A/A","A/A","A/C","?/?","A/A","A/A","A/C","C/C","?/?","A/A","?/?","A/A","A/A","A/C","A/C","A/A","A/A","A/A","A/A","A/A","A/A","A/A","A/A","A/A","A/A","A/C","A/A","A/A","A/A","A/A","A/A","A/A","A/A","A/A","A/A","A/A","A/C","A/A","A/A","?/?","A/A","C/C","A/A","A/A","A/A","?/?","A/A","A/C","A/A","A/A","A/A","A/A","A/A","A/A","A/A","A/A","A/A","A/A","A/A","A/C","A/A","A/A","A/A","A/A","A/A","A/A","A/A","A/A","A/C","A/C","A/A","A/A","A/A","A/A","A/A","A/C","A/A","A/A","A/A","C/C","A/A","A/C","A/A","A/A","A/A","A/A","A/A","A/C","A/A","A/A","A/A","A/A","A/C","A/C","A/A","A/C","C/C","A/C","C/C","A/C","A/A","A/A","A/A","A/A","A/A","A/A","A/A","A/A","A/A","A/C","A/A","A/C","A/A","A/A","A/A","A/A","A/A","A/A","A/A","A/A","A/A","A/A","C/C","C/C","C/C","C/C","C/C","A/A","A/A","A/A","A/A","A/A","A/A","?/?","A/A","A/A","A/A","A/A","A/A","A/A","A/A","A/A","A/A","A/A","A/A","A/A","A/A","A/A","A/A","A/A","C/C","C/C","C/C","C/C","C/C","C/C","A/A","A/A","A/A","A/A","A/A","A/A","A/A"
"36","PZA00486.2",3964,"7","multiple","","Chr7(108218425;108952795);","PZA00486","AY107392","AY107392","random",7856,10893,1,1,1,"A/A","A/A","A/A","A/A","A/G","A/A","A/A","A/A","?/?","?/?","A/A","A/A","A/A","A/A","A/A","A/A","A/A","A/A","A/A","A/A","A/A","A/A","A/A","A/A","A/A","A/A","A/A","A/A","A/A","A/A","A/A","A/A","A/A","A/A","A/A","A/A","A/A","A/A","A/A","A/A","A/A","A/A","A/A","A/G","A/A","A/A","A/A","A/A","A/A","A/G","A/G","A/A","?/?","A/A","A/A","A/A","A/A","A/A","A/A","A/A","?/?","A/A","A/G","A/A","A/G","A/A","A/A","A/A","A/A","A/G","A/A","A/A","A/A","A/A","A/A","A/A","A/A","A/A","A/A","A/A","A/A","A/A","A/A","A/A","A/A","A/A","A/A","A/A","A/A","A/G","A/A","A/A","A/G","A/A","A/G","A/A","A/A","A/A","A/G","A/A","A/A","A/A","A/A","A/A","A/G","A/A","A/G","A/A","A/G","A/G","A/A","A/G","A/G","A/G","A/A","A/A","A/A","A/G","A/A","A/A","A/G","A/A","A/A","A/A","A/A","A/G","A/A","A/G","A/G","A/G","A/G","A/G","A/A","A/G","A/A","A/A","A/A","A/A","A/A","A/A","A/A","A/A","A/A","A/A","A/A","A/A","A/A","A/A","A/A","A/A","A/A","A/A","A/G","A/A","A/A","A/A","?/?","?/?","A/A","A/A","A/A","?/?","A/G","A/A","A/A","A/A","A/A","A/A","A/A","A/A","A/A","A/A","A/A","A/A","A/A","A/A","A/A","A/A","A/A","?/?","A/A","A/A","A/A","A/A","A/A","A/A","A/A","A/A","A/G","A/A","A/G","A/A","A/A","A/A","A/A","A/A","A/A","A/A","A/A","A/A","A/A","A/A","A/A","A/A","A/A","A/A","A/A","A/A","A/A","A/A","A/A","A/A","A/A","A/A","A/A","A/A","A/G","?/?","A/A","A/A","A/A","A/A","A/A","A/A","A/A","A/A","A/A","A/G","A/A","A/A","A/A","A/A","A/A","A/A","A/A","A/A","A/A","A/A","A/A","A/A","A/A","A/A","A/A","A/A","A/A","A/A","A/A","A/A","A/A","A/A","A/A","A/A","A/A","A/A","A/A","A/A","A/A","A/A","A/A","A/A","A/A","A/A","A/A","A/A","A/G","?/?","A/A","A/A","A/A","A/A","A/A","A/A","A/A","A/A","A/A","A/A","A/A","A/A","A/A","A/A","A/G","A/A","A/A","A/A","A/A","A/A","A/A","A/A","A/A","A/G","A/A","A/G","A/A","A/A","A/A","A/A","A/A","A/A","A/A","A/G","A/A","A/A","A/A","A/A","A/A","A/A","A/A","A/G","A/A","A/A","A/A","A/A","A/A","A/A","A/A","A/A","A/A","A/A","A/A","A/A","A/A","A/A","A/A","A/A","A/A","A/A","A/A","A/A","?/?","A/A","A/A","A/G","A/A","A/A","A/A","A/A","A/A","A/G","A/A","A/A","A/A","A/A","A/A","A/A","A/A","A/A","A/A","A/A","A/A","A/A","A/A","A/A","A/A","A/A","A/G","A/A","A/G","A/A","A/A","A/G","A/G","A/G","A/G","A/G","A/A","A/G","A/A","A/A","A/A","A/A","A/G","A/A","A/G","A/A","A/A","A/A","?/?","A/A","A/A","A/A","A/A","A/G","A/A","A/G","A/G","A/A","A/A","A/A","A/A","A/A","A/A","A/G","A/A","A/A","A/A","A/A","A/A","A/A","A/G","A/A","A/G","A/A","A/G","A/A","A/A","A/A","A/A","A/A","A/A","A/A","A/A","A/G","A/G","A/G","A/G","A/G","A/A","A/G","A/A","A/A","A/A","A/G","A/A","A/A","A/A","A/A","A/A","A/A","A/A","A/A","A/A","A/A","A/G","A/A","A/A","A/A","A/A","A/A","A/A","A/A","A/G","A/A","A/A","A/A","A/A","A/G","A/A","A/A","A/A","A/A","A/A","A/A","A/A","A/A","A/G","A/A","A/A","A/A","A/G","A/A","A/A","A/A","A/A","A/G","A/A","A/A","A/G","A/G","A/G","A/G","A/A","A/A","A/A","A/A","A/A","A/A","A/A","A/G","A/A","A/A","A/A","A/A","A/A","A/A","A/A","A/A","A/A","A/A","A/A","A/A","A/A","A/A","A/A","A/A","A/A","A/A","A/A","A/A","A/A","A/A","A/A","A/A","A/A","A/A","A/A","A/A","A/A","A/A","A/A","A/A","A/A","A/A","A/A","A/A","A/A","A/A","A/G","A/A","A/A","A/A","A/A","A/A","A/A","A/A","A/A","A/A","A/A","A/A","A/A","A/A","A/A","A/A","A/A","A/A","A/A","A/A","A/A","A/A","A/A","A/A","A/A","A/A","A/A","A/A","A/A","A/A","A/A","A/A","A/A","A/A","A/A","A/A","A/A","A/A","A/A","A/A","A/A","A/A","G/G","A/A","A/A","A/A","A/G","A/A","A/A","?/?","A/G","A/G","A/A","A/A","A/A","A/A","A/A","A/A","A/A","A/A","A/A","A/A","A/A","A/A","A/A","A/A","A/A","A/A","A/A","A/A","A/A","A/A","A/A","A/A","A/A","A/G","A/A","A/A","A/A","A/A","A/A","A/G","A/G","A/A","A/A","A/A","?/?","A/A","A/A","A/A","A/A","A/A","A/A","A/A","A/A","A/A","A/G","A/A","A/G","A/A","A/A","A/A","A/A","A/A","A/A","A/G","A/A","A/A","A/A","A/A","A/A","A/A","A/A","A/A","A/A","A/A","A/A","A/A","A/A","A/A","A/A","A/A","A/A","A/G","A/A","A/A","A/A","A/A","A/A","A/A","A/A","A/A","A/A","A/A","A/A","A/A","A/A","A/A","A/A","A/A","A/A","A/A","A/A","A/A","A/A","A/A","A/A","A/A","A/A","A/A","A/A","A/A","A/A","?/?","A/A","A/A","A/A","A/A","A/A","A/A","A/A","A/A","A/A","A/A","A/A","A/A","A/A","A/A","A/A","A/A","A/A","A/A","A/A","A/A","A/A","A/A","A/A","A/A","A/A","A/A","A/A","A/A","A/A","A/A","A/A","A/A","A/A","?/?","A/A","A/A","A/A","A/A","A/A","A/A","A/A","A/A","A/A","?/?","A/A","A/A","A/A","A/A","A/A","A/A","A/G","A/A","?/?","A/A","A/A","A/A","A/A","A/A","A/A","A/A","A/A","A/A","A/A","A/A","A/A","A/A","A/A","A/A","A/A","A/A","A/A","A/A","A/A","A/A","A/A","A/A","A/A","A/A","A/A","A/A","A/A","A/A","A/A","A/A","A/A","A/A","A/A","A/A","A/A","A/A","A/G","A/A","A/A","A/A","A/A","A/A","A/A","A/A","A/A","A/A","A/A","A/A","A/A","A/A","A/A","A/A","A/A","A/A","A/A","A/A","A/A","A/A","A/A","A/A","A/A","A/A","A/A","A/A","?/?","A/A","A/A","A/A","A/A","A/A","A/A","A/A","A/G","A/G","A/G","A/A","A/A","A/A","A/A","A/A","A/A","A/G","A/A","A/A","A/A","A/A","A/A","A/G","A/A","A/A","A/A","A/G","A/G","A/A","A/A","A/G","A/A","A/A","A/A","A/A","A/G","A/A","A/A","A/A","A/A","A/G","A/A","A/G","A/A","A/A","A/G","A/A","A/A","A/A","A/A","A/A","A/A","A/A","A/A","A/A","A/A","A/G","A/A","A/G","A/A","A/A","A/A","A/G","A/A","A/A","A/G","A/A","A/A","?/?","A/A","A/A","A/A","A/A","A/A","A/A","A/A","A/A","A/A","A/A","A/A","A/A","A/A","A/A","A/A","A/A","A/A","A/A","A/A","A/A","A/A","A/A","A/A","A/A","A/A","A/A","A/A","A/A","A/A","A/A","A/A","A/A","A/A","A/A","A/A","?/?","A/A","A/A","?/?","A/A","A/A","A/A","A/A","A/A","A/A","A/A","A/A","A/A","A/A","A/A","A/A","A/A","A/A","A/A","A/A","A/A","A/A","A/A","A/G","A/G","A/A","A/G","A/G","?/?","A/A","A/A","A/A","A/A","A/A","A/A","A/A","A/A","A/A","A/A","A/A","A/A","A/A","A/A","A/A","A/A","A/A","A/A","A/A","A/A","A/A","A/A","A/G","A/G","A/A","A/A","A/A","A/A","A/A","A/A","A/A","A/A","A/A","A/A","A/A","A/A","A/A","A/A","A/A","A/A","A/A","A/A","A/A","A/G","A/G","A/G","A/A","A/A","A/A","A/A","A/A","A/A","A/A"
